DBRep_DrawableShape

CASCADE Topology V1, (c) Matra-Datavision
Locations 3
1
              1               0               0              -0 
              0               1              -0               0 
             -0               0               1              -0 
1
              1               0               0               0 
             -0 0.995004165278026 0.0998334166468282 -0.000751762562824859 
              0 -0.0998334166468282 0.995004165278026 -0.0150227197917234 
2  1 1 2 1 0
Curve2ds 2
2 0 0 1 -7.5686746126356398e-18 7.5686746126356398e-18 1 0.22919778755989201
1 0 0.28822025563579101 1 0 
Curves 1
2 0.120277493260913 -0.15047786899719201 0 -1 0 0 0 -0.99500416527802582 0.099833416646828169 0 0.099833416646828169 0.99500416527802582 0.22919778755989201
Polygon3D 0
PolygonOnTriangulations 0
Surfaces 2
1 0.120277493260913 -0.15047786899719201 0 -1 0 0 0 -0.99500416527802582 0.099833416646828169 0 0.099833416646828169 0.99500416527802582 
2 -0.16794276237487801 -0.15047786899719201 0 1 -0 -0 0 -0.99500416527802582 0.099833416646828169 0 0.099833416646828169 0.99500416527802582 0.22919778755989201
Triangulations 0

TShapes 4
Ve
1e-07
0.120277493260913 -0.379675656557083 0
0 0

0101100
*
Ed
 1e-07 1 1 0
1  1 0 0 6.28318530717959
2  1 1 0 0 6.28318530717959
2  2 2 0 0 6.28318530717959
0

0101100
+4 3 -4 3 *
Wi

0101000
+3 0 *
Fa
0  1e-07 1 0

0111000
+2 0 *

-1 0 
0

