DBRep_DrawableShape

CASCADE Topology V1, (c) Matra-Datavision
Locations 2
1
              1               0              -0 -28.9777671818524 
             -0               1               0 7.76457308182494 
              0               0               1 -1.7780313659552e-06 
2  1 -1 0
Curve2ds 6
1 -9.9999997507373095 -21.333333173196301 1.8218108283323509e-07 0.99999999999998346 
2 1.2402518284552899e-06 19.6666663499668 -1 -1.08877306154283e-14 -1.08877306154283e-14 1 9.9999935215648303
1 0 0 1 0 
1 0 -29.999993099809998 1 0 
1 9.9999947618127507 19.666675198291799 1.4047209857257302e-07 -0.99999999999999012 
1 10.00000042117 -21.333333650033399 -0.99999999999999978 2.3841852092989793e-08 
Curves 4
1 66.9584585470012 -28.294225957106502 5.0000004768370401 -1.0096269946479699e-08 1.9131303039932295e-07 0.99999999999998179 
2 69.546648078886406 -18.6349664219853 46.000000000000099 -0.96592579489746477 0.25881916225754492 -5.9267725830458789e-08 -0.25881916225754531 -0.96592579489746644 -1.0887730645206841e-14 -5.7248228002504336e-08 1.5339612631609347e-08 0.99999999999999822 9.9999935215648303
1 72.134838024717197 -8.9757147307019292 46.000008848325102 9.3605096057663039e-08 1.2034600032627806e-07 -0.99999999999998845 
1 72.134841836644995 -8.9757098931074406 5 -0.25881916225754598 -0.96592579489746599 2.38418520929898e-08 
Polygon3D 0
PolygonOnTriangulations 0
Surfaces 2
1 69.546648883767205 -18.6349679216558 26.3333336500333 0.96592579489746477 -0.25881916225754492 5.9267725830458789e-08 0.25881916225754531 0.96592579489746644 3.1432863277015046e-23 -5.7248225184551016e-08 1.5339623148349194e-08 0.99999999999999822 
2 69.546648078886406 -18.6349664219853 46.000000000000099 0.96592579489746477 -0.25881916225754492 5.9267725830458789e-08 -0.25881916225754531 -0.96592579489746644 -1.0887730645206841e-14 -5.7248228002504336e-08 1.5339612631609347e-08 0.99999999999999822 9.9999935215648303
Triangulations 0

TShapes 10
Ve
0.003
66.9584585470012 -28.2942259571065 5.00000047683704
0 0

0101100
*
Ve
0.003
66.9584581330541 -28.2942181132723 46
0 0

0101100
*
Ed
 0.003 1 1 0
2  1 1 0 0 40.9999995231637
1  1 0 0 40.9999995231637
0

0101000
+10 0 -9 0 *
Ve
0.003
72.1348380247172 -8.97571473070193 46.0000088483251
0 0

0101100
*
Ed
 0.003 1 1 0
2  2 1 0 0 3.14159176875673
1  2 0 0 3.14159176875673
2  3 2 0 0 3.14159176875673
2  4 2 2 0 3.14159176875673
0

0101000
+9 0 -7 0 *
Ve
0.003
72.134841862527 -8.97570979651485 4.99999999999999
0 0

0101100
*
Ed
 0.003 1 1 0
2  5 1 0 0 41.0000088483256
1  3 0 0 41.0000088483256
0

0101000
+7 0 -5 0 *
Ed
 0.003 1 1 0
2  6 1 0 -1.00000004160545e-07 20.0000001719073
1  4 0 -1.00000004160545e-07 20.0000001719073
0

0101000
+5 0 -10 0 *
Wi

0101000
+8 0 +6 0 +4 0 +3 0 *
Fa
0  0.003 1 0

0111000
-2 0 *

+1 0 
0

