DBRep_DrawableShape

CASCADE Topology V1, (c) Matra-Datavision
Locations 0
Curve2ds 6
8 4.7123889803846897 6.2831853071795898
1 6.2831853071795898 0 0 1 
8 4.7123889803846897 6.2831853071795898
1 0 0 0 1 
1 0 4.7123889803846897 1 0 
2 0 0 1 -2.3129646576129801e-17 2.3129646576129801e-17 1 0.037499999627470998
1 0 6.2831853071795898 1 0 
1 0 0.030999996699392799 1 0 
Curves 3
2 -0.037312655827258102 0.0037437530870652099 0.0249999966472387 -0.099833416646828169 -0.99500416527802582 -0 -0.99500416527802582 0.099833416646828169 0 0 0 -1 0.0099999997764825804
2 0 0 0.0349999964237213 0 0 -1 -0.99500416527802582 0.099833416646828169 0 0.099833416646828169 0.99500416527802582 0 0.037499999627470998
2 0 0 0.0249999966472387 0 0 -1 -0.99500416527802582 0.099833416646828169 0 0.099833416646828169 0.99500416527802582 0 0.047499999403953601
Polygon3D 0
PolygonOnTriangulations 0
Surfaces 3
5 0 0 0.0249999966472387 0 0 -1 -0.99500416527802582 0.099833416646828169 0 0.099833416646828169 0.99500416527802582 0 0.037499999627470998 0.0099999997764825804
1 0 0 0.0349999964237213 0 0 -1 -0.99500416527802582 0.099833416646828169 0 0.099833416646828169 0.99500416527802582 0 
2 0 0 -0.0060000000521540598 -0 -0 1 -0.99500416527802582 0.099833416646828169 0 0.099833416646828169 0.99500416527802582 0 0.047499999403953601
Triangulations 0

TShapes 7
Ve
1e-07
-0.0373126558272581 0.00374375308706521 0.0349999964237213
0 0

0101100
*
Ve
1e-07
-0.0472626972576376 0.00474208723121899 0.0249999966472387
0 0

0101100
*
Ed
 1e-07 1 1 0
1  1 0 4.71238898038469 6.28318530717959
3  1 2G1 1 0 4.71238898038469 6.28318530717959
0

0101100
+7 0 -6 0 *
Ed
 1e-07 1 1 0
1  2 0 0 6.28318530717959
2  3 1 0 0 6.28318530717959
2  4 2 0 0 6.28318530717959
4 G1 1 0 2 0
0

0101100
+7 0 -7 0 *
Ed
 1e-07 1 1 0
1  3 0 0 6.28318530717959
2  5 1 0 0 6.28318530717959
2  6 3 0 0 6.28318530717959
4 G1 1 0 3 0
0

0101100
+6 0 -6 0 *
Wi

0101000
-5 0 +4 0 -3 0 +5 0 *
Fa
0  0 1 0

0111000
+2 0 *

+1 0 
0

