DBRep_DrawableShape

CASCADE Topology V1, (c) Matra-Datavision
Locations 7
1
              1               0              -0             0.3 
             -0               1               0               0 
              0               0               1               0 
1
              1               0              -0            -0.3 
             -0               1               0               0 
              0               0               1               0 
1
              1               0              -0            -0.3 
             -0               1               0               0 
              0               0               1               0 
2  1 1 2 1 3 1 0
1
              1               0              -0               0 
             -0 0.959492973614497 -0.28173255684143               0 
              0 0.28173255684143 0.959492973614497               0 
1
              1               0              -0               3 
             -0               1               0               0 
              0               0               1               0 
2  5 1 6 1 0
Curve2ds 1
1 4.2009129225102804 0 0 -1 
Curves 3
1 0 2.2131333231722801 0.64983457608810902 1 0 0 
1 0 4.8729906468453601 -1.11980451676071 1 0 0 
1 0 2.6230257204410701 -0.37714264589408297 0 0.64278765196357668 -0.76604440764432968 
Polygon3D 0
PolygonOnTriangulations 0
Surfaces 2
1 0 2.2131333231722801 0.64983457608810902 -0 0.55392001791761636 0.83256988520492847 0 0.83256988520492847 -0.55392001791761636 -1 0 -0 
2 0 0 0 -1 -0 -0 0 -0.28173255684143006 0.95949297361449726 0 -0.95949297361449726 -0.28173255684143006 5
Triangulations 0

TShapes 7
Ve
1e-07
0 2.30656542990118 -5.55111512312578e-17
0 0

0101100
*
Ed
 1e-07 1 1 0
1  1 0 0 3
0

0101000
+7 5 -7 7 *
Ve
1e-07
0 4.36011489646771 -2.44732468005379
0 0

0101100
*
Ed
 1e-07 1 1 0
1  2 0 0 3
2  1 2 0 0 3
0

0101000
+5 5 -5 7 *
Ed
 1e-07 1 1 0
1  3 0 -0.4923247818672 2.70243084278331
0

0101000
+7 0 -5 0 *
Wi

0101000
+6 0 -4 0 -3 5 +3 7 *
Fa
0  1e-07 1 0

0111000
+2 0 *

-1 4 
0

