DBRep_DrawableShape

CASCADE Topology V1, (c) Matra-Datavision
Locations 0
Curve2ds 20
1 0 0 1 0 
1 0 22.611064910890001 1 0 
1 0 50 1 0 
1 0 0 1 0 
1 6.2831853071795862 0 0 1 
1 0 0 0 1 
1 0 55.901699437494742 1 0 
2 0 0 1 0 -0 1 35.355339059327378
1 6.2831853071795862 0 0 1 
1 0 0 0 1 
2 0 0 0.93749123618103836 -0.34800888219088405 0.34800888219088405 0.93749123618103836 27.50317837706984
1 0 0 1 0 
1 0 22.611064910890001 1 0 
2 0 0 1 0 -0 1 27.50317837706984
1 6.2831853071795862 0 0 1 
1 0 0 0 1 
2 0 0 0.90898585091689599 -0.41682696989624701 0.41682696989624701 0.90898585091689599 25
1 0 0 1 0 
1 6.2831853071795862 0 0 1 
1 0 0 0 1 
Curves 10
2 0 0 25 0 0 1 0 1 0 -1 0 0 25
2 0 0 -25 0 0 1 0 1 0 -1 0 0 25
1 0 25 25 0 0 -1 
2 0 0 25 0 0 1 -0.70710678118654757 0.70710678118654757 0 -0.70710678118654757 -0.70710678118654757 0 35.355339059327378
1 0 25 -25 -0.44721359549995793 0 0.89442719099991586 
2 0 0 25 0 0 1 -0.41682696989624696 0.90898585091689588 0 -0.90898585091689588 -0.41682696989624696 0 27.50317837706984
2 0 0 47.611064910890001 0 0 1 -0.41682696989624696 0.90898585091689588 0 -0.90898585091689588 -0.41682696989624696 0 27.50317837706984
1 -11.464066505430001 25 25 0 0 1 
2 0 0 47.611064910890001 0 0 1 0 1 0 -1 0 0 25
1 0 25 47.611064910890001 0 0 -1 
Polygon3D 0
PolygonOnTriangulations 0
Surfaces 6
2 0 0 25 -0 -0 -1 0 1 -0 -1 0 -0 25
2 0 0 47.611064910890001 -0 -0 -1 0 1 -0 -1 0 -0 25
7 0 0 0 0 0 1 
1 0 25 -25 -0.44721359549995793 0 0.89442719099991586 
1 0 0 25 0 0 1 -0.70710678118654757 0.70710678118654757 0 -0.70710678118654757 -0.70710678118654757 0 
2 0 0 25 0 0 1 -0.41682696989624696 0.90898585091689588 0 -0.90898585091689588 -0.41682696989624696 0 27.50317837706984
1 0 0 47.611064910890001 0 0 1 -0.41682696989624696 0.90898585091689588 0 -0.90898585091689588 -0.41682696989624696 0 
Triangulations 0

TShapes 33
Ve
0.003
0 25 25
0 0

0101101
*
Ed
 0.003 1 1 0
1  1 0 0 6.28318530717959
2  1 1 0 0 6.28318530717959
2  2 2 0 0 6.28318530717959
4 C2 1 0 2 0
0

0101100
+33 0 -33 0 *
Ve
0.003
0 25 -25
0 0

0101101
*
Ed
 0.003 1 1 0
1  2 0 0 6.28318530717959
2  3 1 0 0 6.28318530717959
2  4 3 0 0 6.28318530717959
0

0101100
+31 0 -31 0 *
Ed
 0.003 1 1 0
1  3 0 0 50
3  5 6CN 1 0 0 50
0

0101000
+33 0 -31 0 *
Wi

0101000
+32 0 -30 0 -29 0 +29 0 *
Fa
0  0.003 1 0

0101000
+28 0 *
Ve
0.003
-25 25 25
0 0

0101101
*
Ed
 0.003 1 1 0
1  4 0 0 6.28318530717959
2  7 3 0 0 6.28318530717959
2  8 4 0 0 6.28318530717959
0

0101100
+26 0 -26 0 *
Ed
 0.003 1 1 0
1  5 0 0 55.9016994374947
3  9 10CN 3 0 0 55.9016994374947
0

0101000
+31 0 -26 0 *
Wi

0101000
+30 0 -25 0 -24 0 +24 0 *
Fa
0  0.003 3 0

0101000
+23 0 *
Wi

0101000
+25 0 *
Ve
0.003
-11.46406650543 25 25
0 0

0101101
*
Ed
 0.003 1 1 0
1  6 0 0 6.28318530717959
2  11 4 0 0 6.28318530717959
2  12 5 0 0 6.28318530717959
0

0101100
+20 0 -20 0 *
Wi

0101000
-19 0 *
Fa
0  0.003 4 0

0101000
+21 0 +18 0 *
Ve
0.003
-11.46406650543 25 47.61106491089
0 0

0101101
*
Ed
 0.003 1 1 0
1  7 0 0 6.28318530717959
2  13 5 0 0 6.28318530717959
2  14 6 0 0 6.28318530717959
0

0101100
+16 0 -16 0 *
Ed
 0.003 1 1 0
1  8 0 0 22.61106491089
3  15 16CN 5 0 0 22.61106491089
0

0101000
+20 0 -16 0 *
Wi

0101000
+19 0 -15 0 -14 0 +14 0 *
Fa
0  0.003 5 0

0101000
+13 0 *
Wi

0101000
+15 0 *
Ve
0.003
0 25 47.61106491089
0 0

0101101
*
Ed
 0.003 1 1 0
1  9 0 0 6.28318530717959
2  17 6 0 0 6.28318530717959
2  18 2 0 0 6.28318530717959
0

0101100
+10 0 -10 0 *
Wi

0101000
-9 0 *
Fa
0  0.003 6 0

0101000
+11 0 +8 0 *
Ed
 0.003 1 1 0
1  10 0 0 22.61106491089
3  19 20CN 2 0 0 22.61106491089
0

0101000
+10 0 -33 0 *
Wi

0101000
+9 0 -32 0 -6 0 +6 0 *
Fa
0  0.003 2 0

0101000
+5 0 *
Sh

0101000
+27 0 +22 0 +17 0 +12 0 +7 0 +4 0 *
So

0100000
+3 0 *
Co

1100000
+2 0 *

+1 0 