DBRep_DrawableShape

CASCADE Topology V1, (c) Matra-Datavision
Locations 19
1
              1               0              -0               0 
             -0               1               0               0 
              0               0               1             -12 
1
              1               0              -0               0 
             -0               1               0               0 
              0               0               1               0 
1
              1               0               0 19.9069869956769 
              0              -1               0 22.7811098977315 
              0               0              -1              20 
2  2 -1 3 -1 0
1
              1               0              -0               0 
             -0               1               0               0 
              0               0               1               0 
1
              1               0               0 19.9069869956769 
              0              -1               0 22.7811098977315 
              0               0              -1              20 
2  5 -1 6 -1 0
1
              1               0              -0               0 
             -0               1               0               0 
              0               0               1               0 
1
              1               0               0 19.9069869956769 
              0              -1               0 22.7811098977315 
              0               0              -1              20 
2  8 -1 9 -1 0
1
              1               0              -0               0 
             -0               1               0               0 
              0               0               1               0 
1
              1               0               0 19.9069869956769 
              0              -1               0 22.7811098977315 
              0               0              -1              20 
2  11 -1 12 -1 0
1
              1               0              -0               0 
             -0               1               0               0 
              0               0               1               0 
1
              1               0              -0 19.9069869956769 
             -0               1               0 -22.7811098977315 
              0               0               1             -20 
2  14 -1 15 -1 0
1
              1               0              -0               0 
             -0               1               0               0 
              0               0               1               0 
1
              1               0               0 19.9069869956769 
              0              -1               0 22.7811098977315 
              0               0              -1              20 
2  17 -1 18 -1 0
Curve2ds 8
1 0.150568272776686 0 0 -1 
1 6.43375357995627 0 0 -1 
1 0 0 0 1 
1 0 0 0 1 
1 0 0 0 1 
1 0 0 0 1 
1 0 0 0 -1 
1 0 0 0 1 
Curves 3
1 11.432961173027801 79.644121123095005 20 0 0 -1 
1 19.247150602586899 28.138923361182201 20 0 0 -1 
1 15.572028662308201 52.362534017096401 20 0.15000000000000005 -0.98868599666425949 0 
Polygon3D 0
PolygonOnTriangulations 0
Surfaces 9
1 11.432961173027834 79.644121123095005 20 -0.98868599666425949 -0.15000000000000005 -0 0.15000000000000005 -0.98868599666425949 0 -0 0 1 
2 7.4782171863707498 79.044121123094996 20 0 0 1 1 0 -0 -0 1 0 4
2 15.292406615929799 27.538923361182199 20 0 0 1 1 0 -0 -0 1 0 4
10 0 100.137234607439 -27.593783261869099 24.500812935191401
1 35.479015657985101 -29.581424119365 0 -0.98733103679179879 0.14979443020174596 -0.052335957697993388 -0.051743828498019111 0.0078503936546990144 0.99862953467831805 0.1499999999999983 0.98868599666425983 -9.8879238130678004e-17 
10 0 20.027446921487702 -27.593783261869099 24.500812935191401
1 35.479015657985101 -29.581424119365 0 -0.98733103679179879 0.14979443020174596 -0.052335957697993388 -0.051743828498019111 0.0078503936546990144 0.99862953467831805 0.1499999999999983 0.98868599666425983 -9.8879238130678004e-17 
10 0 15.020585191115799 -27.593783261869099 24.500812935191401
1 35.479015657985101 -29.581424119365 0 -0.98733103679179879 0.14979443020174596 -0.052335957697993388 -0.051743828498019111 0.0078503936546990144 0.99862953467831805 0.1499999999999983 0.98868599666425983 -9.8879238130678004e-17 
10 0 3.0041170382231601 -27.593783261869099 24.500812935191401
1 35.479015657985101 -29.581424119365 0 -0.98733103679179879 0.14979443020174596 -0.052335957697993388 -0.051743828498019111 0.0078503936546990144 0.99862953467831805 0.1499999999999983 0.98868599666425983 -9.8879238130678004e-17 
10 0 884 -24.500812935191401 27.593783261869099
1 35.479015657985101 29.581424119365 0 0.98733103679179879 0.14979443020174596 -0.052335957697993388 -0.051743828498019111 -0.0078503936546990144 -0.99862953467831805 -0.1499999999999983 0.98868599666425983 -9.8879238130678004e-17 
10 0 5.00076164004515 -27.593783261869099 24.500812935191401
1 35.479015657985101 -29.581424119365 0 -0.98853541503263231 0.14997715427868705 -0.017452404439743007 -0.017254947877695062 0.0026178606659614536 0.99984769519125849 0.14999999999999827 0.98868599666425983 -3.2526065174565133e-17 
Triangulations 0

TShapes 7
Ve
587.151140639434
11.4329611730278 79.644121123095 20
0 0

0101100
*
Ed
 587.151140639434 1 1 0
1  1 0 0 12
2  1 2 0 0 12
4 C2 2 0 1 0
0

0101000
+7 0 -7 1 *
Ve
180.917265619362
19.2471506025869 28.1389233611822 20
0 0

0101100
*
Ed
 180.917265619362 1 1 0
1  2 0 0 12
2  2 3 0 0 12
4 C2 1 0 3 0
0

0101000
+5 0 -5 1 *
Ed
 5.88615077595765e-14 1 1 0
1  3 0 -27.5937832618691 24.5008129351914
2  3 4 4 -27.5937832618691 24.5008129351914
2  4 5 7 -27.5937832618691 24.5008129351914
2  5 6 10 -27.5937832618691 24.5008129351914
2  6 7 13 -27.5937832618691 24.5008129351914
2  7 8 16 -27.5937832618691 24.5008129351914
2  8 9 19 -27.5937832618691 24.5008129351914
0

0101000
+7 0 -5 0 *
Wi

0101000
+6 0 -4 0 -3 0 +3 1 *
Fa
0  1e-07 1 0

0111000
+2 0 *

-1 0 
0

