DBRep_DrawableShape

CASCADE Topology V1, (c) Matra-Datavision
Locations 2
1
              1               0               0 4.66416890673836e-16 
              0               1               0               7 
              0               0               1 3.9182300126469e-09 
2  1 -1 0
Curve2ds 48
1 1.5707963267948966 0 0 -1 
1 8.0515412727240658 51.999979784586479 -1 -2.8383297747875986e-09 
1 -33.948466356673201 51.999979665376479 1.2715625214546038e-06 -0.99999999999919165 
1 0 0 0 -1 
1 -33.948464449324568 50.499975850676478 0.99999999999999523 9.7775952383531978e-08 
1 2.3310842197308812 0 0 -1 
1 0 0 0 -1 
2 5.0662197144785797 47.499979665375868 -1.100457259539665e-06 0.99999999999939437 0.99999999999939448 1.1004572595396652e-06 3.0000000000000022
1 0 0 1 0 
1 0 -7 1 0 
1 0.096831734022002722 0 0 -1 
1 0 0 0 -1 
2 -34.948454840802704 -2.7485910379709821e-05 0.68046112525191771 0.73278418174855131 0.73278418174855131 -0.68046112525191771 61.999999999999993
1 0 0 1 0 
1 0 -7 1 0 
1 2.3539682395333261 0 0 -1 
2 13.551541272724066 39.01491039047648 -0.70553083327207 0.70867922454550525 0.70867922454550525 0.70553083327207 2.9999999999999996
1 0 0 1 0 
1 0 -7 1 0 
1 0 0 0 -1 
1 16.551541272724066 39.014910390478853 0 -1 
1 2.3539686702365623 0 0 -1 
1 2.8498097215390317e-09 0 0 -1 
2 13.551541272724069 -39.014951224536631 0.99999999999999856 5.4937702979411051e-08 5.4937702979411051e-08 -0.99999999999999856 3
1 0 0 1 0 
1 0 -7 1 0 
1 0.096816453911032246 0 0 -1 
1 0 0 0 -1 
2 -34.948462541975935 -2.0334623520135153e-05 0.7481195263425463 -0.66356399412943146 -0.66356399412943146 -0.7481195263425463 62
1 0 0 1 0 
1 0 -7 1 0 
1 2.3318168954160372 0 0 -1 
2 5.0675275371190249 -47.500020621128812 0.72443388290874133 0.68934428937488423 0.68934428937488423 -0.72443388290874133 2.9999999999999987
1 0 0 1 0 
1 0 -7 1 0 
1 5.0662164131076199 -50.500020334621098 -1 -6.2103567012083143e-14 
1 -33.948462541975935 -50.500020334623521 -2.6098048149351513e-06 -0.99999999999659439 
1 0 0 0 -1 
1 -33.948466456673202 -52.000016519923513 0.99999999999999556 -9.3664506772458982e-08 
1 1.5707963267948966 0 0 -1 
2 8.0515412727240658 -42.000020334623521 0 -1 1 0 10.00000011921
1 0 0 1 0 
1 0 -7 1 0 
1 0 0 0 -1 
1 18.051541391934066 -42.000020334623521 0 1 
2 8.0515412727240658 41.999979665376479 1 -3.7296503253952441e-26 3.7296503253952441e-26 1 10.00000011921
1 0 0 1 0 
1 0 -7 1 0 
Curves 32
1 52.00000011921 -1.5000000194079561 42.000003814700001 6.6630984381976531e-17 1 5.5974714466384254e-10 
1 52.000000000000128 -1.4999999958985717 -3.814697265625e-06 6.6630984381976531e-17 1 5.5974714466384254e-10 
1 52.00000011921 -1.5000000194079561 42.000003814700001 -2.8383297747875986e-09 5.5974714466384275e-10 -1 
1 50.499996185299999 -1.4999999958985728 -1.9073486328125e-06 6.6630984381976531e-17 1 5.5974714466384254e-10 
1 52 -1.4999999958985717 -3.814697265625e-06 -0.99999999999919165 -6.4512250626384782e-16 1.2715625214546038e-06 
1 50.499999999997577 -1.500000017736929 39.014678955082736 6.6630984381976531e-17 1 5.5974714466384254e-10 
1 50.499996185299999 -1.4999999958985728 -1.9073486328125e-06 9.7775952383531978e-08 -5.5974714466384637e-10 0.99999999999999523 
1 45.43261211712332 -1.5000000189537732 41.188597466792125 6.6630984381976531e-17 1 5.5974714466384254e-10 
2 47.499999999999389 -1.5000000177369306 39.014682256454513 -6.6630984381976469e-17 -1 -5.5974714466384254e-10 0.99999999999939448 5.4934682446998854e-16 -1.1004572595396652e-06 1.1004572595396652e-06 -5.5974714466357691e-10 0.99999999999939448 3.0000000000000022
1 41.140968398736526 -1.5000000213018081 45.383411314883787 6.6630984381976531e-17 1 5.5974714466384254e-10 
2 -7.1512868595746681e-06 -1.4999999953388277 -0.99999229882676843 -6.6630984408272161e-17 -1 -5.5974714466384254e-10 0.73278418174855131 -3.808862207406377e-10 0.68046112525191771 -0.68046112525191771 -4.1017380804878723e-10 0.73278418174855131 61.999999999999993
1 39.014930725102374 -1.500000024165806 50.500003814700001 6.6630984381976531e-17 1 5.5974714466384254e-10 
2 39.014930725100001 -1.5000000224865646 47.500003814700001 -6.663098445997095e-17 -1 -5.5974714466384254e-10 0.70867922454550525 3.9491882217634831e-10 -0.70553083327207 0.70553083327207 -3.9668121943214669e-10 0.70867922454550525 2.9999999999999996
1 -39.014930725100001 -1.5000000241658009 50.500003814700001 6.6630984381976531e-17 1 5.5974714466384254e-10 
1 39.014930725102374 -1.500000024165806 50.500003814700001 -1 6.6630984381976518e-17 3.7296503253952441e-26 
1 -41.14096776820864 -1.5000000213018021 45.383410515993944 6.6630984381976531e-17 1 5.5974714466384254e-10 
2 -39.01493088991311 -1.5000000224865593 47.500003814700008 -6.6630984381976506e-17 -1 -5.5974714466384244e-10 5.4937702979411051e-08 -5.5974714466384523e-10 0.99999999999999856 -0.99999999999999856 3.58797620048608e-17 5.4937702979411051e-08 3
1 -45.431967418380637 -1.5000000189541558 41.189291727821185 6.6630984381976531e-17 1 5.5974714466384254e-10 
2 0 -1.4999999953388232 -1 -6.6630984408272161e-17 -1 -5.5974714466384254e-10 -0.66356399412943146 -4.1875772452358451e-10 0.7481195263425463 -0.7481195263425463 3.7142810086362453e-10 -0.66356399412943146 62
1 -50.499999999997577 -1.5000000177369222 39.014678955083554 6.6630984381976531e-17 1 5.5974714466384254e-10 
2 -47.500000286505291 -1.5000000177376565 39.015990079094962 -6.6630984356573373e-17 -1 -5.5974714466384254e-10 0.68934428937488423 -4.0549984338759697e-10 0.72443388290874133 -0.72443388290874133 -3.8585844939817438e-10 0.68934428937488423 2.9999999999999987
1 -50.5 -1.499999995898567 0 6.6630984381976531e-17 1 5.5974714466384254e-10 
1 -50.499999999997577 -1.5000000177369222 39.014678955083554 -6.2103567012083143e-14 5.5974714466384254e-10 -1 
1 -51.999996185299992 -1.4999999958985648 -3.9146972667936097e-06 6.6630984381976531e-17 1 5.5974714466384254e-10 
1 -50.5 -1.499999995898567 0 -0.9999999999965945 1.5274617776716489e-15 -2.6098048149351518e-06 
1 -52.00000011921 -1.5000000194079492 42.000003814700001 6.6630984381976531e-17 1 5.5974714466384254e-10 
1 -51.999996185299992 -1.4999999958985648 -3.9146972667936097e-06 -9.3664506772458995e-08 -5.5974714466383396e-10 0.99999999999999567 
1 -42 -1.5000000250054213 52.000003933910001 6.6630984381976531e-17 1 5.5974714466384254e-10 
2 -42 -1.5000000194079499 42.000003814700001 6.6630984381976518e-17 1 5.5974714466384254e-10 -1 6.6630984381976518e-17 3.7296503253952441e-26 0 -5.5974714466384254e-10 1 10.00000011921
1 42 -1.5000000250054271 52.000003933910001 6.6630984381976531e-17 1 5.5974714466384254e-10 
1 -42 -1.5000000250054213 52.000003933910001 1 -6.6630984381976518e-17 -3.7296503253952441e-26 
2 42 -1.5000000194079555 42.000003814700001 6.6630984381976518e-17 1 5.5974714466384254e-10 -3.7296503253952441e-26 -5.5974714466384254e-10 1 1 -6.6630984381976518e-17 0 10.00000011921
Polygon3D 0
PolygonOnTriangulations 0
Surfaces 17
1 52.00000011921 -1.5000000194079561 42.000003814700001 -1 6.5042237394924809e-17 2.8383297747875986e-09 -2.8383297747875986e-09 5.5974714466384275e-10 -1 -6.6630984381976531e-17 -1 -5.5974714466384254e-10 
2 42 -1.5000000194079555 42.000003814700001 -6.6630984381976518e-17 -1 -5.5974714466384254e-10 -3.7296503253952441e-26 -5.5974714466384254e-10 1 1 -6.6630984381976518e-17 0 10.00000011921
1 2.0334623520135153e-05 -1.5000000149011254 33.948462541975935 6.6630984381976518e-17 1 5.5974714466384254e-10 0 -5.5974714466384254e-10 1 1 -6.6630984381976518e-17 -3.7296503253952441e-26 
1 52.000000000000128 -1.4999999958985717 -3.8146972656251618e-06 1.2715625214546038e-06 -5.5974714466347476e-10 0.99999999999919165 -0.99999999999919165 -6.4512250626384782e-16 1.2715625214546038e-06 -6.6630984381976555e-17 -1 -5.5974714466384254e-10 
1 50.499996185299999 -1.4999999958985728 -1.9073486328125e-06 0.99999999999999523 -1.1901174218506357e-17 -9.7775952383531978e-08 9.7775952383531978e-08 -5.5974714466384637e-10 0.99999999999999523 -6.6630984381976531e-17 -1 -5.5974714466384254e-10 
2 47.499999999999389 -1.5000000177369306 39.014682256454513 -6.6630984381976469e-17 -1 -5.5974714466384254e-10 0.99999999999939448 5.4934682446998854e-16 -1.1004572595396652e-06 1.1004572595396652e-06 -5.5974714466357691e-10 0.99999999999939448 3.0000000000000022
2 -7.1512868595746681e-06 -1.4999999953388277 -0.99999229882676843 -6.663098445997095e-17 -1 -5.5974714466384254e-10 0.73278418174855131 -3.808862207406377e-10 0.68046112525191771 -0.68046112525191771 -4.1017380804878723e-10 0.73278418174855131 61.999999999999993
2 39.014930725100001 -1.5000000224865646 47.500003814700001 -6.663098445997095e-17 -1 -5.5974714466384254e-10 0.70867922454550525 3.9491882217634831e-10 -0.70553083327207 0.70553083327207 -3.9668121943214669e-10 0.70867922454550525 2.9999999999999996
1 39.014930725102374 -1.500000024165806 50.500003814700001 0 -5.5974714466384254e-10 1 -1 6.6630984381976518e-17 3.7296503253952441e-26 -6.6630984381976518e-17 -1 -5.5974714466384254e-10 
2 -39.01493088991311 -1.5000000224865593 47.500003814700008 -6.6630984381976506e-17 -1 -5.5974714466384233e-10 5.4937702979411051e-08 -5.5974714466384523e-10 0.99999999999999856 -0.99999999999999856 3.58797620048608e-17 5.4937702979411051e-08 3
2 0 -1.4999999953388232 -1 -6.6630984408272161e-17 -1 -5.5974714466384254e-10 -0.66356399412943146 -4.1875772452358451e-10 0.7481195263425463 -0.7481195263425463 3.7142810086362453e-10 -0.66356399412943146 62
2 -47.500000286505291 -1.5000000177376565 39.015990079094962 -6.6630984304874585e-17 -1 -5.5974714466384254e-10 0.68934428937488423 -4.0549984338759697e-10 0.72443388290874133 -0.72443388290874133 -3.8585844939817438e-10 0.68934428937488423 2.9999999999999987
1 -50.499999999997577 -1.5000000177369222 39.014678955083554 -1 6.6630949619682219e-17 6.2103567012120441e-14 -6.2103567012083143e-14 5.5974714466384254e-10 -1 -6.6630984381976531e-17 -1 -5.5974714466384254e-10 
1 -50.5 -1.499999995898567 0 -2.6098048149351518e-06 -5.5974714466176239e-10 0.9999999999965945 -0.9999999999965945 1.5274617776716489e-15 -2.6098048149351518e-06 -6.6630984381976666e-17 -1 -5.5974714466384254e-10 
1 -51.999996185299992 -1.4999999958985648 -3.9146972667936097e-06 0.99999999999999567 -1.1905942460420732e-16 9.3664506772458995e-08 -9.3664506772458995e-08 -5.5974714466383406e-10 0.99999999999999567 -6.6630984381976518e-17 -1 -5.5974714466384275e-10 
2 -42 -1.5000000194079499 42.000003814700001 -6.6630984381976518e-17 -1 -5.5974714466384254e-10 -1 6.6630984381976518e-17 3.7296503253952441e-26 0 -5.5974714466384254e-10 1 10.00000011921
1 -42 -1.5000000250054213 52.000003933910001 0 5.5974714466384254e-10 -1 1 -6.6630984381976518e-17 -3.7296503253952441e-26 -6.6630984381976518e-17 -1 -5.5974714466384254e-10 
Triangulations 0

TShapes 84
Ve
0.003
52.00000011921 -1.50000001940796 42.0000038147
0 0

0101100
*
Ed
 0.003 1 1 0
1  1 0 0 7
2  1 2 0 0 7
4 G1 1 0 2 0
0

0101000
+84 0 -84 1 *
Ve
0.003
52.0000000000001 -1.49999999589857 -3.814697265625e-06
0 0

0101100
*
Ed
 0.003 1 1 0
1  2 0 0 7
0

0101000
+82 0 -82 1 *
Ed
 0.003 1 1 0
2  2 3 0 0 42.0000076293973
1  3 0 0 42.0000076293973
0

0101000
+84 0 -82 0 *
Wi

0101000
+83 0 -81 0 -80 0 +80 1 *
Fa
0  0.003 1 0

0111000
+79 0 *
Ve
0.003
50.4999961853 -1.49999999589857 -1.9073486328125e-06
0 0

0101100
*
Ed
 0.003 1 1 0
1  4 0 0 7
0

0101000
+77 0 -77 1 *
Ed
 0.003 1 1 0
2  3 3 0 -1.27156253631421e-13 1.50000381470121
1  5 0 -1.27156253631421e-13 1.50000381470121
0

0101000
+82 0 -77 0 *
Wi

0101000
+81 0 -76 0 -75 0 +75 1 *
Fa
0  0.003 4 0

0111000
+74 0 *
Ve
0.003
50.4999999999976 -1.50000001773693 39.0146789550827
0 0

0101100
*
Ed
 0.003 1 1 0
1  6 0 0 7
2  4 6 0 0 7
4 G1 5 0 6 0
0

0101000
+72 0 -72 1 *
Ed
 0.003 1 1 0
2  5 3 0 0 39.0146808624316
1  7 0 0 39.0146808624316
0

0101000
+77 0 -72 0 *
Wi

0101000
+76 0 -71 0 -70 0 +70 1 *
Fa
0  0.003 5 0

0111000
+69 0 *
Ve
0.003
45.4326121171233 -1.50000001895377 41.1885974667921
0 0

0101100
*
Ed
 0.003 1 1 0
1  8 0 0 7
2  6 6 0 0 7
2  7 7 0 0 7
0

0101000
+67 0 -67 1 *
Ed
 0.003 1 1 0
2  8 3 0 0 2.33108421973088
1  9 0 0 2.33108421973088
2  9 6 0 0 2.33108421973088
2  10 6 2 0 2.33108421973088
0

0101000
+72 0 -67 0 *
Wi

0101000
+71 0 -66 0 -65 0 +65 1 *
Fa
0  0.003 6 0

0111000
+64 0 *
Ve
0.003
41.1409683987365 -1.50000002130181 45.3834113148838
0 0

0101100
*
Ed
 0.003 1 1 0
1  10 0 0 7
2  11 7 0 0 7
2  12 8 0 0 7
0

0101000
+62 0 -62 1 *
Ed
 0.003 1 1 0
2  13 3 0 0 0.0968317340220027
1  11 0 0 0.0968317340220027
2  14 7 0 0 0.0968317340220027
2  15 7 2 0 0.0968317340220027
0

0101000
+67 0 -62 0 *
Wi

0101000
+66 0 -61 0 -60 0 +60 1 *
Fa
0  0.003 7 0

0111000
+59 0 *
Ve
0.003
39.0149307251024 -1.50000002416581 50.5000038147
0 0

0101100
*
Ed
 0.003 1 1 0
1  12 0 0 7
2  16 8 0 0 7
4 G1 8 0 9 0
0

0101000
+57 0 -57 1 *
Ed
 0.003 1 1 0
2  17 3 0 0 2.35396823953333
1  13 0 0 2.35396823953333
2  18 8 0 0 2.35396823953333
2  19 8 2 0 2.35396823953333
0

0101000
+62 0 -57 0 *
Wi

0101000
+61 0 -56 0 -55 0 +55 1 *
Fa
0  0.003 8 0

0111000
+54 0 *
Ve
0.003
-39.0149307251 -1.5000000241658 50.5000038147
0 0

0101100
*
Ed
 0.003 1 1 0
1  14 0 0 7
2  20 10 0 0 7
4 G1 9 0 10 0
0

0101000
+52 0 -52 1 *
Ed
 0.003 1 1 0
2  21 3 0 0 78.0298614502024
1  15 0 0 78.0298614502024
0

0101000
+57 0 -52 0 *
Wi

0101000
+56 0 -51 0 -50 0 +50 1 *
Fa
0  0.003 9 0

0111000
+49 0 *
Ve
0.003
-41.1409677682086 -1.5000000213018 45.3834105159939
0 0

0101100
*
Ed
 0.003 1 1 0
1  16 0 0 7
2  22 10 0 0 7
2  23 11 0 0 7
0

0101000
+47 0 -47 1 *
Ed
 0.003 1 1 0
2  24 3 0 0 2.35396867023656
1  17 0 0 2.35396867023656
2  25 10 0 0 2.35396867023656
2  26 10 2 0 2.35396867023656
0

0101000
+52 0 -47 0 *
Wi

0101000
+51 0 -46 0 -45 0 +45 1 *
Fa
0  0.003 10 0

0111000
+44 0 *
Ve
0.003
-45.4319674183806 -1.50000001895416 41.1892917278212
0 0

0101100
*
Ed
 0.003 1 1 0
1  18 0 0 7
2  27 11 0 0 7
2  28 12 0 0 7
0

0101000
+42 0 -42 1 *
Ed
 0.003 1 1 0
2  29 3 0 2.84980972153903e-09 0.0968164539110322
1  19 0 2.84980972153903e-09 0.0968164539110322
2  30 11 0 2.84980972153903e-09 0.0968164539110322
2  31 11 2 2.84980972153903e-09 0.0968164539110322
0

0101000
+47 0 -42 0 *
Wi

0101000
+46 0 -41 0 -40 0 +40 1 *
Fa
0  0.003 11 0

0111000
+39 0 *
Ve
0.003
-50.4999999999976 -1.50000001773692 39.0146789550836
0 0

0101100
*
Ed
 0.003 1 1 0
1  20 0 0 7
2  32 12 0 0 7
4 G1 12 0 13 0
0

0101000
+37 0 -37 1 *
Ed
 0.003 1 1 0
2  33 3 0 0 2.33181689541604
1  21 0 0 2.33181689541604
2  34 12 0 0 2.33181689541604
2  35 12 2 0 2.33181689541604
0

0101000
+42 0 -37 0 *
Wi

0101000
+41 0 -36 0 -35 0 +35 1 *
Fa
0  0.003 12 0

0111000
+34 0 *
Ve
0.003
-50.5 -1.49999999589857 0
0 0

0101100
*
Ed
 0.003 1 1 0
1  22 0 0 7
0

0101000
+32 0 -32 1 *
Ed
 0.003 1 1 0
2  36 3 0 0 39.0146789550836
1  23 0 0 39.0146789550836
0

0101000
+37 0 -32 0 *
Wi

0101000
+36 0 -31 0 -30 0 +30 1 *
Fa
0  0.003 13 0

0111000
+29 0 *
Ve
0.003
-51.9999961853 -1.49999999589856 -3.91469726679361e-06
0 0

0101100
*
Ed
 0.003 1 1 0
1  24 0 0 7
0

0101000
+27 0 -27 1 *
Ed
 0.003 1 1 0
2  37 3 0 0 1.4999961853051
1  25 0 0 1.4999961853051
0

0101000
+32 0 -27 0 *
Wi

0101000
+31 0 -26 0 -25 0 +25 1 *
Fa
0  0.003 14 0

0111000
+24 0 *
Ve
0.003
-52.00000011921 -1.50000001940795 42.0000038147
0 0

0101100
*
Ed
 0.003 1 1 0
1  26 0 0 7
2  38 16 0 0 7
4 G1 15 0 16 0
0

0101000
+22 0 -22 1 *
Ed
 0.003 1 1 0
2  39 3 0 0 42.0000077293975
1  27 0 0 42.0000077293975
0

0101000
+27 0 -22 0 *
Wi

0101000
+26 0 -21 0 -20 0 +20 1 *
Fa
0  0.003 15 0

0111000
+19 0 *
Ve
0.003
-42 -1.50000002500542 52.00000393391
0 0

0101100
*
Ed
 0.003 1 1 0
1  28 0 0 7
2  40 16 0 0 7
4 G1 16 0 17 0
0

0101000
+17 0 -17 1 *
Ed
 0.003 1 1 0
2  41 3 0 0 1.5707963267949
1  29 0 0 1.5707963267949
2  42 16 0 0 1.5707963267949
2  43 16 2 0 1.5707963267949
0

0101000
+22 0 -17 0 *
Wi

0101000
+21 0 -16 0 -15 0 +15 1 *
Fa
0  0.003 16 0

0111000
+14 0 *
Ve
0.003
42 -1.50000002500543 52.00000393391
0 0

0101100
*
Ed
 0.003 1 1 0
1  30 0 0 7
2  44 2 0 0 7
4 G1 17 0 2 0
0

0101000
+12 0 -12 1 *
Ed
 0.003 1 1 0
2  45 3 0 0 84
1  31 0 0 84
0

0101000
+17 0 -12 0 *
Wi

0101000
+16 0 -11 0 -10 0 +10 1 *
Fa
0  0.003 17 0

0111000
+9 0 *
Ed
 0.003 1 1 0
2  46 3 0 0 1.5707963267949
1  32 0 0 1.5707963267949
2  47 2 0 0 1.5707963267949
2  48 2 2 0 1.5707963267949
0

0101000
+12 0 -84 0 *
Wi

0101000
+11 0 -83 0 -7 0 +7 1 *
Fa
0  0.003 2 0

0111000
+6 0 *
Wi

0101000
+80 0 +75 0 +70 0 +65 0 +60 0 +55 0 +50 0 +45 0 +40 0 +35 0 
+30 0 +25 0 +20 0 +15 0 +10 0 +7 0 *
Fa
0  0.003 3 0

0111000
+4 0 *
Sh

0101000
+78 0 +73 0 +68 0 +63 0 +58 0 +53 0 +48 0 +43 0 +38 0 +33 0 
+28 0 +23 0 +18 0 +13 0 +8 0 +5 0 +3 0 -3 1 *
So

1100000
-2 0 *

+1 0 
0

