DBRep_DrawableShape

CASCADE Topology V1, (c) Matra-Datavision
Locations 1
1
              1               0              -0         0.00123 
             -0               1               0         0.00123 
              0               0               1      0.00123213 
Curve2ds 8
1 0.26163899767438098 0 0 1 
1 12.6197869298587 0.0120902012582746 -0.0045945570128223881 -0.99998944496722353 
1 -1.8413437781326001 -67.800071962488303 -1 -3.46944695195361e-18 
1 6.2893355261883199 0.22107693288874899 -0.25881905213951389 -0.9659258244035116 
1 0 0 0 1 
1 -0.0338121802814371 -93.386479551006303 0.99995901204031246 0.0090539626331408336 
8 0 101.06156396007999
1 6.0213859120952096 0 0 -1 
8 0 101.06156396007999
1 -1.5407439555097901e-33 -8.8763736552847601e-16 -1.7347234759768099e-17 -1 
Curves 4
1 -25.541837238450299 0.0120828362360219 119.319353571208 0.0045945570128223508 -0.99938027855560618 -0.03489912434395611 
1 -38.897693067111199 -67.758769999999998 113.290567656188 -0.9659258244035116 0 -0.25881905213951389 
1 -36.920638461113498 -93.3295910439045 112.895865251193 0.96580445176637775 0.0090484472049971489 0.25911365566373595 
1 -37.731506125870503 0 116.052704715251 0.0090326536231567934 -0.99939082715854333 -0.033710321266442314 
Polygon3D 0
PolygonOnTriangulations 2
2 3 2 
p 0.235495298811038 1 0.033813566230525 12.2254791969044 
2 1 8 
p 0.235495298811038 1 0.033813566230525 12.2254791969044 
Surfaces 5
1 -37.731506125870503 8.8817841970012504e-16 116.052704715251 -0.25866138660209909 -0.034899492709245514 0.9653374086244233 0.96592582440351171 -8.6736173798840355e-18 0.25881905213951406 -0.0090326536231567951 0.99939082715854322 0.033710321266442314 
2 -20.368609506408301 0.71007269042093202 100.01260539872 0.0045945570128223508 -0.99938027855560618 -0.03489912434395611 2.439454888092385e-19 -0.034899492709245535 0.99939082715854333 -0.99998944496722364 -0.0045917581334716153 -0.00016034770897120634 20
1 -39.119999999999997 -67.760000000000005 107 -0 1 0 0 0 1 1 0 -0 
2 -35.885992914705099 -93.189993073067598 109.034515616696 0.96580445176637775 0.0090484472049971489 0.25911365566373595 -0.25866138660209892 -0.034899492709245514 0.96533740862442341 0.017777739713649359 -0.99934986416760763 -0.031365601522337104 4
10 0 6.2831853071795898 -286.53711616446401 2865.3711626446402
3 -35.143315604475397 0 106.393446471216 0 1 0 0 -0 1 1 0 -0 9.9999999999999005
0.034906581044197103
Triangulations 2
5 4 1 1.05256371951074
-25.541781688745 9.99200722162641e-16 119.318931629318 -25.1132162277661 -93.2189694408356 116.063653858144 -36.887981168318 -93.3292850836357 112.90462680795 -37.7315061258705 0 116.052704715251 -31.2148814285315 -46.6646425418179 116.111779218634 12.6197313801534 0 12.1911659191744 -93.2757905191853 -1.61676227961038e-15 -93.3861734042411 0 0 6.3098656900767 -46.6930867021206 2 1 5 3 2 5 5 4 3 1 4 5 
32 48 1 0.157974142967524
-36.887981168318 -93.3292850836357 112.90462680795 -35.8533356219099 -97.1872504214329 109.18287514429 -36.8344408007073 -94.3577757173915 112.74097938428 -36.7201501949302 -95.2716926108472 112.346894221795 -36.550476065192 -96.05869274827 111.74194385646 -36.3150714708255 -96.709154919895 110.887225752085 -36.083245383113 -97.0578925568709 110.035309503648 -25.1132162277661 -93.2189694408356 116.063653858144 -24.0785706813577 -97.0769347786327 112.341902194484 -25.0499009025428 -94.3538937825462 115.867288599634 -24.9058060282476 -95.3828239572429 115.366129174535 -24.6929150876499 -96.2201901826564 114.601853924044 -24.4289329084261 -96.7963538697447 113.638022911211 -24.2563848930752 -96.9946219105837 113.001801624273 -35.3582464679752 -95.5525466497353 112.508360528867 -35.1313556958791 -96.398572360909 111.69220555536 -34.0499392523583 -95.5402893560909 112.859363534444 -33.8230484802622 -96.3863150672645 112.043208560937 -32.7416320367414 -95.5280320624464 113.210366540021 -32.5147412646453 -96.3740577736201 112.394211566515 -31.4333248211246 -95.5157747688019 113.561369545599 -31.2064340490284 -96.3618004799756 112.745214572092 -30.1250176055077 -95.5035174751575 113.912372551176 -29.8981268334116 -96.3495431863311 113.096217577669 -28.8167103898908 -95.491260181513 114.263375556753 -28.5898196177947 -96.3372858926867 113.447220583246 -27.5084031742739 -95.4790028878686 114.61437856233 -27.2815124021778 -96.3250285990422 113.798223588823 -26.200095958657 -95.4667455942241 114.965381567907 -25.9732051865609 -96.3127713053978 114.1492265944 -30.3903362915557 -97.0273961704218 111.469229840891 -31.1838184639202 -94.0686759325887 114.323486166001 1.11022302462516e-16 0.033813566230525 1.50217446446612 0.033813566230525 0.261444957460599 0.033813566230525 0.512554976723565 0.033813566230525 0.764983889627113 0.033813566230525 1.04074995029525 0.033813566230525 1.27862910802657 0.033813566230525 0 12.2254791969044 1.50217446446612 12.2254791969044 0.289390164815727 12.2254791969044 0.578780329631455 12.2254791969044 0.868170494447182 12.2254791969044 1.15756065926291 12.2254791969044 1.32986756186451 12.2254791969044 0.600869785786447 1.38844308074984 0.901304678679671 1.38844308074984 0.600869785786447 2.74307259526915 0.901304678679671 2.74307259526915 0.600869785786447 4.09770210978847 0.901304678679671 4.09770210978847 0.600869785786447 5.45233162430778 0.901304678679671 5.45233162430778 0.600869785786447 6.8069611388271 0.901304678679671 6.8069611388271 0.600869785786447 8.16159065334641 0.901304678679671 8.16159065334641 0.600869785786447 9.51622016786573 0.901304678679671 9.51622016786573 0.600869785786447 10.870849682385 0.901304678679671 10.870849682385 1.30188453587063 5.90387479581422 0.200289928595482 5.90387479581422 1 3 15 21 19 20 3 4 15 4 5 15 17 1 15 16 17 15 17 19 32 32 19 21 5 6 16 32 23 25 7 2 16 14 28 9 31 9 28 30 14 13 32 21 23 28 30 29 30 12 29 19 17 18 17 16 18 7 16 6 2 18 16 15 5 16 19 18 20 31 18 2 23 21 22 32 25 27 21 20 22 20 18 31 25 23 24 8 32 27 23 22 24 31 24 22 27 25 26 29 8 27 25 24 26 26 24 31 29 27 28 29 10 8 27 26 28 26 31 28 12 11 29 10 29 11 14 30 28 13 12 30 20 31 22 2 9 31 8 1 32 32 1 17 

TShapes 10
Ve
7.05862125978494e-05
-25.2302671045932 -67.75877 116.952743512177
0 0

0101100
*
Ve
0.0001
-25.1132162277661 -93.2189694408356 116.063653858144
0 0

0101100
*
Ed
 1e-07 1 1 0
1  1 0 67.8128779308958 93.2888653874754
2  1 2 0 67.8128779308958 93.2888653874754
2  2 1 0 67.8128779308958 93.2888653874754
4 G1 2 0 1 0
0

0101000
+10 0 -9 0 *
Ve
0.0001
-37.1190915602082 -67.75877 113.767142507508
0 0

0101100
*
Ed
 1e-08 1 1 0
1  2 0 -14.1495605741342 -1.8413437781326
2  3 1 0 -14.1495605741342 -1.8413437781326
2  4 3 1 -14.1495605741342 -1.8413437781326
0

0101000
+10 0 -7 0 *
Ve
0.0001
-36.887981168318 -93.3292850836357 112.90462680795
0 0

0101100
*
Ed
 1e-07 1 1 0
1  3 0 0.033813566230525 12.2254791969044
2  5 4 0 0.033813566230525 12.2254791969044
2  6 1 0 0.033813566230525 12.2254791969044
4 G1 4 0 1 0
6  1 1 0
6  2 2 0
0

0101000
+5 0 -9 0 *
Ed
 1e-07 1 1 0
1  4 0 67.8000719624883 93.3861734042411
2  7 5 0 67.8000719624883 93.3861734042411
2  8 1 0 67.8000719624883 93.3861734042411
4 G1 5 0 1 0
0

0101000
+7 0 -5 0 *
Wi

0101100
-8 0 +6 0 +4 0 +3 0 *
Fa
0  1e-07 1 0

0111000
+2 0 *

+1 0 
0

