DBRep_DrawableShape

CASCADE Topology V1, (c) Matra-Datavision
Locations 1
1
              1               0              -0 -113.035869854353 
             -0               1               0 116.648888525497 
              0               0               1 55.2275711160538 
Curve2ds 8
7 0 0  8 9 2  5.75807351777299e-17 0.131574582506014  0.066669837736157006 0.099464434191406104  0.13333967447218201 0.067354286359171803  0.20000951120835 0.035461624776814901  0.26667934794431902 0.0040039356087149302  0.33334918468062802 -0.026804388144270799  0.400019021416881 -0.0567551410209894  0.46668885815309502 -0.085649249413016396  0.533358695889252 -0.11329943539348999 
 1.5707963267949001 9 2.1041550226841501 9
3 20.617898435349499 14.292877244457401 -0.53729961328113718 -0.84339144266938137 0.84339144266938137 -0.53729961328113718 7.0165494937017998 7
7 0 0  8 9 2  0.36837300440722398 9.8945406032163898  0.357812326168715 8.6451330541231695  0.347251648930268 7.3987812906348198  0.33669097169138201 6.1556975278890604  0.32613029445178698 4.9160933721323099  0.31556961721457799 3.6801796271556699  0.30500893997589201 2.4481662181369801  0.294448262737666 1.22026211768013  0.28388758449915802 -0.0033248448723190299 
 1.77072595650605 9 1.85521137641412 9
3 39.698686709313002 11.501329809403501 0.9993173659712955 -0.036943227636359183 0.036943227636359183 0.9993173659712955 120.914818801206 7
1 0 0 0 1 
1 28.8928821881826 0.131264245818947 -0.068641903823384809 -0.99764136293534922 
7 0 0  8 9 2  9.8539014743248691e-16 10.0679743861122  0.046046626300904003 10.045796981004999  0.092093251601738799 10.0236195763782  0.13813987690252799 10.0015138252238  0.184186502202806 9.9795513808348897  0.230233127503993 9.9578034107253206  0.276279752805351 9.9363401096015895  0.32232637810632198 9.9152302250914293  0.36837300440722498 9.8945406032163703 
 1.5707963267949001 9 1.9391693312021201 9
3 12.379104679837001 29.725435420350301 -0.53729961328113796 -0.84339144266938104 0.84339144266938104 -0.53729961328113796 7.0165494937017998 7
Curves 4
8 1.5707963267949001 2.1041550226841501
3 115.82102506888 -104.75859592184599 -58 0 0 1 -0.53729961328113718 -0.84339144266938137 0 0.84339144266938137 -0.53729961328113718 0 7.0165494937017998 7
8 1.77072595650605 1.85521137641412
3 114.576783170567 -106.711664458857 -24.343153643950998 -0 1 0 -0.036943227636359183 -0 0.9993173659712955 0.9993173659712955 0 0.036943227636359183 120.914818801206 7
1 121.729617805055 -108.512076099834 -58.131264245818898 -0.036881268379185705 -0.057891994293177415 0.99764136293534922 
8 1.5707963267949001 1.9391693312021201
3 115.454558041 -105.333833922571 -48.087036557259701 0 0 1 -0.53729961328113796 -0.84339144266938104 0 0.84339144266938104 -0.53729961328113796 0 7.0165494937017998 7
Polygon3D 0
PolygonOnTriangulations 0
Surfaces 5
2 115.825877706369 -104.750978806866 -58.131264245818898 -0.036881268379185705 -0.057891994293177415 0.99764136293534922 0.84339144266938137 -0.53729961328113729 4.163336342344337e-17 0.53603231849842992 0.84140218835269209 0.068641903823384809 7
1 95.203126633530601 -119.051473166303 -58 0 0 1 1 0 -0 -0 1 0 
1 103.075453361163 -106.711664458857 -64.041840353264007 -0 1 0 0 0 1 1 0 -0 
1 106.205483378767 -132.880085691402 -58 -0.84339144266938137 0.53729961328113718 0 0.53729961328113718 0.84339144266938137 0 0 0 -1 
1 103.075453361163 -135.059269342921 -48.087036557259701 0 0 1 1 0 -0 -0 1 0 
Triangulations 0

TShapes 10
Ve
6.8048511610819e-06
122.54439633226 -106.711664458857 -58
0 0

0101100
*
Ve
1e-07
121.724765167566 -108.519693214814 -58
0 0

0101100
*
Ed
 1e-07 1 1 0
1  1 0 1.5707963267949 1.85468391129405
2  1 1 0 1.5707963267949 1.85468391129405
2  2 2 0 1.5707963267949 1.85468391129405
0

0101000
-10 0 +9 0 *
Ve
6.35090415396915e-06
122.31980838533 -106.711664458857 -48.0870365572597
0 0

0101100
*
Ed
 1e-08 1 1 0
1  2 0 1.77072595650605 1.85521137641412
2  3 1 0 1.77072595650605 1.85521137641412
2  4 3 0 1.77072595650605 1.85521137641412
0

0101000
+7 0 -10 0 *
Ve
6.30000002e-06
121.358298139686 -109.094931215539 -48.0870365572597
0 0

0101100
*
Ed
 1e-07 1 1 0
1  3 0 0.131574582506012 10.0679743861123
2  5 1 0 0.131574582506012 10.0679743861123
2  6 4 0 0.131574582506012 10.0679743861123
4 G1 1 0 4 0
0

0101000
-5 0 +9 0 *
Ed
 1e-08 1 1 0
1  4 0 1.5707963267949 1.93916933120212
2  7 1 0 1.5707963267949 1.93916933120212
2  8 5 0 1.5707963267949 1.93916933120212
0

0101000
+5 0 -7 0 *
Wi

0101100
+8 0 -6 0 -4 0 -3 0 *
Fa
0  0 1 0

0111000
+2 0 *

+1 1 
0

