DBRep_DrawableShape

CASCADE Topology V1, (c) Matra-Datavision
Locations 2
1
0.995004165278026               0 0.0998334166468282 -3.9429619296901 
              0               1              -0               0 
-0.0998334166468282               0 0.995004165278026 11.2064883936399 
2  1 -1 0
Curve2ds 7
1 0 -6.5276056552556101 1 0 
1 0 4.7472955614288903 1 0 
1 0 6.24827872613539 1 0 
1 0 6.5276056552555799 1 0 
2 12.129140671868701 10.767925664135401 1 0 -0 1 7
1 6.2831853071795898 -8.8817841970012504e-16 0 1 
1 0 -8.8817841970012504e-16 0 1 
Curves 3
2 110 -96.227810125974401 45 0 1 0 0.099833416646827974 -0 0.99500416527802582 0.99500416527802582 0 -0.099833416646827974 37.4763707848293
2 110 -89.4763707848293 45 0 1 0 0.099833416646827974 -0 0.99500416527802582 0.99500416527802582 0 -0.099833416646827974 44.227810125974401
2 110 -89.232074335864596 82.232074335864596 -1 0 0 0 0 1 0 1 -0 7
Polygon3D 0
PolygonOnTriangulations 0
Surfaces 4
5 110 -89.232074335864596 45 0 1 0 0.099833416646827974 -0 0.99500416527802582 0.99500416527802582 0 -0.099833416646827974 37.232074335864603 7
3 110 -96 45 0 1 0 0.099833416646828169 -0 0.99500416527802582 0.99500416527802582 0 -0.099833416646828169 44
1.5358897457506999
3 110 -96 45 0 1 0 0.099833416646828169 -0 0.99500416527802582 0.99500416527802582 0 -0.099833416646828169 44
0.034906581044197103
1 110 -100 70.102933663995898 -1 0 0 0 0 1 0 1 -0 
Triangulations 0

TShapes 7
Ve
1e-07
110 -96.2278101259744 82.4763707848293
0 0

0101100
*
Ed
 1e-07 1 1 0
1  1 0 0 6.28318530717959
2  1 2 0 0 6.28318530717959
2  2 1 0 0 6.28318530717959
4 G1 2 0 1 0
0

0101100
+7 1 -7 1 *
Ve
1e-07
110 -89.4763707848293 89.2278101259744
0 0

0101100
*
Ed
 1e-07 1 1 0
1  2 0 0 6.28318530717959
2  3 1 0 0 6.28318530717959
2  4 3 0 0 6.28318530717959
4 G1 1 0 3 0
0

0101100
+5 1 -5 1 *
Ed
 1e-07 1 1 0
2  5 4 0 4.74729556142889 6.24827872613539
1  3 0 4.74729556142889 6.24827872613539
3  6 7CN 1 2 4.74729556142889 6.24827872613539
0

0101000
+7 0 -5 0 *
Wi

0101000
+6 0 -4 0 -3 1 +3 1 *
Fa
0  1e-07 1 0

0111000
+2 0 *

+1 0 
0

