DBRep_DrawableShape

CASCADE Topology V1, (c) Matra-Datavision
Locations 0
Curve2ds 16
1 0 0 1 0 
6 0 1 43.301270189221931 0  43.301270189221931 70.710678118654755  
6 0 1 0 0  0 70.710678118654755  
1 0 70.710678118654755 1 0 
6 0 1 0 0  0 70.710678118654755  
6 0 1 43.301270189221931 0  43.301270189221931 70.710678118654755  
1 0 0 1 0 
6 0 1 43.301270189221931 0  43.301270189221931 70.710678118654755  
6 0 1 0 0  0 70.710678118654755  
1 0 70.710678118654755 1 0 
1 0 0 1 0 
6 0 1 43.301270189221931 0  43.301270189221931 70.710678118654755  
6 0 1 0 0  0 70.710678118654755  
1 0 70.710678118654755 1 0 
1 0 0 1 0 
1 0 70.710678118654755 1 0 
Curves 12
1 25 25 -25 0.57735026918962573 -0.57735026918962573 0.57735026918962573 
6 0 1 50 0 0  0 -50 0  
1 -25 -25 -25 0.57735026918962573 -0.57735026918962573 0.57735026918962573 
6 0 1 25 25 -25  -25 -25 -25  
1 50 0 0 -0.57735026918962573 0.57735026918962573 0.57735026918962573 
6 0 1 25 25 25  -25 -25 25  
1 0 -50 0 -0.57735026918962573 0.57735026918962573 0.57735026918962573 
1 25 25 25 -0.57735026918962573 0.57735026918962573 -0.57735026918962573 
6 0 1 0 50 0  -50 0 0  
1 -25 -25 25 -0.57735026918962573 0.57735026918962573 -0.57735026918962573 
1 0 50 0 0.57735026918962573 -0.57735026918962573 -0.57735026918962573 
1 -50 0 0 0.57735026918962573 -0.57735026918962573 -0.57735026918962573 
Polygon3D 0
PolygonOnTriangulations 0
Surfaces 6
10 0 43.301270189221931 0 70.710678118654755
1 25 25 -25 0.40824829046386302 -0.40824829046386302 -0.81649658092772603 0.57735026918962573 -0.57735026918962573 0.57735026918962573 -0.70710678118654757 -0.70710678118654757 0 
10 0 43.301270189221931 0 70.710678118654755
1 50 0 0 0.40824829046386302 -0.40824829046386302 0.81649658092772603 -0.57735026918962573 0.57735026918962573 0.57735026918962573 -0.70710678118654757 -0.70710678118654757 0 
10 0 43.301270189221931 0 70.710678118654755
1 0 50 0 -0.40824829046386302 0.40824829046386302 -0.81649658092772603 0.57735026918962573 -0.57735026918962573 -0.57735026918962573 -0.70710678118654757 -0.70710678118654757 0 
10 0 43.301270189221931 0 70.710678118654755
1 25 25 25 -0.40824829046386302 0.40824829046386302 0.81649658092772603 -0.57735026918962573 0.57735026918962573 -0.57735026918962573 -0.70710678118654757 -0.70710678118654757 0 
1 25.000000000000004 25 0 0.70710678118654768 0.70710678118654735 3.0463099156272946e-17 -0.70710678118654735 0.70710678118654768 0 -2.15406639893588e-17 -2.1540663989358791e-17 1 
1 -25 -25.000000000000004 0 0.70710678118654735 0.70710678118654768 -3.0463099156272946e-17 0.70710678118654768 -0.70710678118654735 0 -2.1540663989358791e-17 -2.15406639893588e-17 -1 
Triangulations 0

TShapes 35
Ve
0.003
25 25 -25
0 0

0101101
*
Ve
0.003
50 0 0
0 0

0101101
*
Ed
 0.003 1 1 0
1  1 0 0 43.3012701892219
2  1 1 0 0 43.3012701892219
0

0101000
+35 0 -34 0 *
Ve
0.003
0 -50 0
0 0

0101101
*
Ed
 1e-07 1 1 0
1  2 0 0 1
2  2 1 0 0 1
2  3 2 0 0 1
0

0101000
+34 0 -32 0 *
Ve
0.003
-25 -25 -25
0 0

0101101
*
Ed
 0.003 1 1 0
1  3 0 0 43.3012701892219
2  4 1 0 0 43.3012701892219
0

0101000
+30 0 -32 0 *
Ed
 1e-07 1 1 0
1  4 0 0 1
2  5 1 0 0 1
2  6 3 0 0 1
0

0101000
+35 0 -30 0 *
Wi

0101000
+33 0 +31 0 -29 0 -28 0 *
Fa
0  1e-07 1 0

0111000
+27 0 *
Ve
0.003
25 25 25
0 0

0101101
*
Ed
 0.003 1 1 0
1  5 0 0 43.3012701892219
2  7 2 0 0 43.3012701892219
0

0101000
+34 0 -25 0 *
Ve
0.003
-25 -25 25
0 0

0101101
*
Ed
 1e-07 1 1 0
1  6 0 0 1
2  8 2 0 0 1
2  9 4 0 0 1
0

0101000
+25 0 -23 0 *
Ed
 0.003 1 1 0
1  7 0 0 43.3012701892219
2  10 2 0 0 43.3012701892219
0

0101000
+32 0 -23 0 *
Wi

0101000
+24 0 +22 0 -21 0 -31 0 *
Fa
0  1e-07 2 0

0111000
+20 0 *
Ve
0.003
0 50 0
0 0

0101101
*
Ed
 0.003 1 1 0
1  8 0 0 43.3012701892219
2  11 4 0 0 43.3012701892219
0

0101000
+25 0 -18 0 *
Ve
0.003
-50 0 0
0 0

0101101
*
Ed
 1e-07 1 1 0
1  9 0 0 1
2  12 4 0 0 1
2  13 3 0 0 1
0

0101000
+18 0 -16 0 *
Ed
 0.003 1 1 0
1  10 0 0 43.3012701892219
2  14 4 0 0 43.3012701892219
0

0101000
+23 0 -16 0 *
Wi

0101000
+17 0 +15 0 -14 0 -22 0 *
Fa
0  1e-07 4 0

0111000
+13 0 *
Ed
 0.003 1 1 0
1  11 0 0 43.3012701892219
2  15 3 0 0 43.3012701892219
0

0101000
+18 0 -35 0 *
Ed
 0.003 1 1 0
1  12 0 0 43.3012701892219
2  16 3 0 0 43.3012701892219
0

0101000
+16 0 -30 0 *
Wi

0101000
+11 0 +28 0 -10 0 -15 0 *
Fa
0  1e-07 3 0

0111000
+9 0 *
Wi

0101100
+33 0 +24 0 +17 0 +11 0 *
Fa
0  0.003 5 0

0101100
-7 0 *
Wi

0101100
+29 0 +21 0 +14 0 +10 0 *
Fa
0  0.003 6 0

0101100
-5 0 *
Sh

0101100
+26 0 +19 0 +12 0 +8 0 +6 0 -4 0 *
So

0100000
+3 0 *
Co

1100000
+2 0 *

+1 0 