DBRep_DrawableShape

CASCADE Topology V1, (c) Matra-Datavision
Locations 0
Curve2ds 16
1 0 0 1 0 
6 0 1 49.999999993609606 0  49.999999993609606 70.710678118654755  
6 0 1 0 0  0 70.710678118654755  
1 0 70.710678118654755 1 0 
6 0 1 0 0  0 70.710678118654755  
6 0 1 49.999999993609606 0  49.999999993609606 70.710678118654755  
1 0 0 1 0 
6 0 1 49.999999993609606 0  49.999999993609606 70.710678118654755  
6 0 1 0 0  0 70.710678118654755  
1 0 70.710678118654755 1 0 
1 0 0 1 0 
6 0 1 49.999999993609606 0  49.999999993609606 70.710678118654755  
6 0 1 0 0  0 70.710678118654755  
1 0 70.710678118654755 1 0 
1 0 0 1 0 
1 0 70.710678118654755 1 0 
Curves 12
1 25 25 35.355339050289999 0.50000000006390399 -0.50000000006390399 -0.70710678109617375 
6 0 1 50 0 0  0 -50 0  
1 -25 -25 35.355339050289999 0.50000000006390399 -0.50000000006390399 -0.70710678109617375 
6 0 1 25 25 35.355339050289999  -25 -25 35.355339050289999  
1 50 0 0 -0.50000000006390399 0.50000000006390399 -0.70710678109617375 
6 0 1 25 25 -35.355339050289999  -25 -25 -35.355339050289999  
1 0 -50 0 -0.50000000006390399 0.50000000006390399 -0.70710678109617375 
1 25 25 -35.355339050289999 -0.50000000006390399 0.50000000006390399 0.70710678109617375 
6 0 1 0 50 0  -50 0 0  
1 -25 -25 -35.355339050289999 -0.50000000006390399 0.50000000006390399 0.70710678109617375 
1 0 50 0 0.50000000006390399 -0.50000000006390399 0.70710678109617375 
1 -50 0 0 0.50000000006390399 -0.50000000006390399 0.70710678109617375 
Polygon3D 0
PolygonOnTriangulations 0
Surfaces 6
10 0 49.999999993609606 0 70.710678118654755
1 25 25 35.355339050289999 -0.49999999993609606 0.49999999993609606 -0.70710678127692139 0.50000000006390399 -0.50000000006390399 -0.70710678109617375 -0.70710678118654757 -0.70710678118654757 0 
10 0 49.999999993609606 0 70.710678118654755
1 50 0 0 -0.49999999993609606 0.49999999993609606 0.70710678127692139 -0.50000000006390399 0.50000000006390399 -0.70710678109617375 -0.70710678118654757 -0.70710678118654757 0 
10 0 49.999999993609606 0 70.710678118654755
1 0 50 0 0.49999999993609606 -0.49999999993609606 -0.70710678127692139 0.50000000006390399 -0.50000000006390399 0.70710678109617375 -0.70710678118654757 -0.70710678118654757 0 
10 0 49.999999993609606 0 70.710678118654755
1 25 25 -35.355339050289999 0.49999999993609606 -0.49999999993609606 0.70710678127692139 -0.50000000006390399 0.50000000006390399 0.70710678109617375 -0.70710678118654757 -0.70710678118654757 0 
1 24.999999999999996 25 -2.9605947323337506e-16 0.70710678118654713 0.70710678118654791 -3.1415071020966877e-17 0.70710678118654791 -0.70710678118654713 0 -2.2213809750382663e-17 -2.2213809750382688e-17 -1 
1 -25 -24.999999999999996 -2.9605947323337506e-16 0.70710678118654791 0.70710678118654713 3.1415071020966883e-17 -0.70710678118654713 0.70710678118654791 0 -2.2213809750382691e-17 -2.2213809750382669e-17 1 
Triangulations 0

TShapes 35
Ve
0.003
25 25 35.35533905029
0 0

0101101
*
Ve
0.003
50 0 0
0 0

0101101
*
Ed
 0.003 1 1 0
1  1 0 0 49.9999999936096
2  1 1 0 0 49.9999999936096
0

0101000
+35 0 -34 0 *
Ve
0.003
0 -50 0
0 0

0101101
*
Ed
 1e-07 1 1 0
1  2 0 0 1
2  2 1 0 0 1
2  3 2 0 0 1
0

0101000
+34 0 -32 0 *
Ve
0.003
-25 -25 35.35533905029
0 0

0101101
*
Ed
 0.003 1 1 0
1  3 0 0 49.9999999936096
2  4 1 0 0 49.9999999936096
0

0101000
+30 0 -32 0 *
Ed
 1e-07 1 1 0
1  4 0 0 1
2  5 1 0 0 1
2  6 3 0 0 1
0

0101000
+35 0 -30 0 *
Wi

0101000
+33 0 +31 0 -29 0 -28 0 *
Fa
0  1e-07 1 0

0111000
+27 0 *
Ve
0.003
25 25 -35.35533905029
0 0

0101101
*
Ed
 0.003 1 1 0
1  5 0 0 49.9999999936096
2  7 2 0 0 49.9999999936096
0

0101000
+34 0 -25 0 *
Ve
0.003
-25 -25 -35.35533905029
0 0

0101101
*
Ed
 1e-07 1 1 0
1  6 0 0 1
2  8 2 0 0 1
2  9 4 0 0 1
0

0101000
+25 0 -23 0 *
Ed
 0.003 1 1 0
1  7 0 0 49.9999999936096
2  10 2 0 0 49.9999999936096
0

0101000
+32 0 -23 0 *
Wi

0101000
+24 0 +22 0 -21 0 -31 0 *
Fa
0  1e-07 2 0

0111000
+20 0 *
Ve
0.003
0 50 0
0 0

0101101
*
Ed
 0.003 1 1 0
1  8 0 0 49.9999999936096
2  11 4 0 0 49.9999999936096
0

0101000
+25 0 -18 0 *
Ve
0.003
-50 0 0
0 0

0101101
*
Ed
 1e-07 1 1 0
1  9 0 0 1
2  12 4 0 0 1
2  13 3 0 0 1
0

0101000
+18 0 -16 0 *
Ed
 0.003 1 1 0
1  10 0 0 49.9999999936096
2  14 4 0 0 49.9999999936096
0

0101000
+23 0 -16 0 *
Wi

0101000
+17 0 +15 0 -14 0 -22 0 *
Fa
0  1e-07 4 0

0111000
+13 0 *
Ed
 0.003 1 1 0
1  11 0 0 49.9999999936096
2  15 3 0 0 49.9999999936096
0

0101000
+18 0 -35 0 *
Ed
 0.003 1 1 0
1  12 0 0 49.9999999936096
2  16 3 0 0 49.9999999936096
0

0101000
+16 0 -30 0 *
Wi

0101000
+11 0 +28 0 -10 0 -15 0 *
Fa
0  1e-07 3 0

0111000
+9 0 *
Wi

0101100
+33 0 +24 0 +17 0 +11 0 *
Fa
0  0.003 5 0

0101100
+7 0 *
Wi

0101100
+29 0 +21 0 +14 0 +10 0 *
Fa
0  0.003 6 0

0101100
+5 0 *
Sh

0101100
+26 0 +19 0 +12 0 +8 0 -6 0 +4 0 *
So

0100000
-3 0 *
Co

1100000
+2 0 *

+1 0 