DBRep_DrawableShape

CASCADE Topology V1, (c) Matra-Datavision
Locations 259
1
              1               0               0 425.011603472633 
              0               1               0 268.583760561373 
              0               0               1 14.2897369377808 
1
              1               0               0 -2.80550949027054 
              0               1               0 -2.44913438547218 
              0               0               1 -0.0315794117309594 
1
              1               0               0 -11.2220257352558 
              0               1               0 -9.79641011024944 
              0               0               1 -0.126197874038368 
1
              1               0               0 -14.0275044200819 
              0               1               0 -12.2454996536323 
              0               0               1 -0.157758547045631 
1
              1               0               0 -51.9742232760269 
              0               1               0 -42.4327012949568 
              0               0               1 2.4267803300622 
1
              1               0               0 -44.8881800752092 
              0               1               0 -39.1856730272053 
              0               0               1 -0.504756758437622 
1
              1               0               0 -16.833032489971 
              0               1               0 -14.6945514495549 
              0               0               1 -0.189236924614804 
1
              1               0               0 -4.13596301624978 
              0               1               0 -6.54934345057939 
              0               0               1 -3.05771286372277 
1
              1               0               0 -2.80550949027054 
              0               1               0 -2.44913438547218 
              0               0               1 -0.0315794117309451 
1
              1               0               0 -7.08610081681377 
              0               1               0 -3.24702246203955 
              0               0               1 2.93159392503082 
1
              1               0               0 -9.89157220927689 
              0               1               0 -5.69620104514243 
              0               0               1 2.8999355779535 
1
              1               0               0 -12.6970694737211 
              0               1               0 -8.14520799897537 
              0               0               1 2.86847593910801 
1
              1               0               0 -16.9777614475316 
              0               1               0 -8.94326254355957 
              0               0               1 5.83156760079174 
1
              1               0               0 -42.2271836632397 
              0               1               0 -30.9850948791449 
              0               0               1 5.54759518071577 
1
              1               0               0 -53.4492978199367 
              0               1               0 -40.7815440257721 
              0               0               1 5.42143540448484 
1
              1               0               0 -42.2272226996172 
              0               1               0 -30.9851716629826 
              0               0               1 5.54755098308502 
1
              1               0               0 -15.5026673854329 
              0               1               0 -10.5943814208253 
              0               0               1 2.83693462518445 
1
              1               0               0 -14.1721244994424 
              0               1               0 -6.49401233787214 
              0               0               1 5.86315311234603 
1
              1               0               0 -12.6971197973549 
              0               1               0 -8.14529123298383 
              0               0               1 2.86843510156902 
1
              1               0               0 -14.1721254380125 
              0               1               0 -6.49413331934035 
              0               0               1 5.86302997936889 
1
              1               0               0 -14.1721635358201 
              0               1               0 -6.49408912170981 
              0               0               1 5.86310891471528 
1
              1               0               0 -19.783182516361 
              0               1               0 -11.392357892654 
              0               0               1 5.79995009125339 
1
              1               0               0 -16.977633989713 
              0               1               0 -8.94314672334423 
              0               0               1 5.83157370061514 
1
              1               0               0 -16.9776730260907 
              0               1               0 -8.943223507182 
              0               0               1 5.83152950298435 
1
              1               0               0 -12.6971578951622 
              0               1               0 -8.14524703535304 
              0               0               1 2.86851403691536 
1
              1               0               0 -9.89157220927689 
              0               1               0 -5.69620104514243 
              0               0               1 2.89993557795349 
1
              1               0               0 -7.08610081681375 
              0               1               0 -3.24702246203946 
              0               0               1 2.93159392503091 
1
              1               0               0 -7.08606271900623 
              0               1               0 -3.24706665967022 
              0               0               1 2.9315149896844 
1
              1               0               0 -14.1722138594536 
              0               1               0 -6.49417235571806 
              0               0               1 5.86306807717628 
1
              1               0               0 -16.977633989713 
              0               1               0 -8.9431467233443 
              0               0               1 5.83157370061504 
1
              1               0               0 -16.9776730260906 
              0               1               0 -8.94322350718178 
              0               0               1 5.83152950298447 
1
              1               0               0 -16.9776730260906 
              0               1               0 -8.94322350718195 
              0               0               1 5.8315295029843 
1
              1               0               0 -15.5026231747123 
              0               1               0 -10.5943619026364 
              0               0               1 2.8369155762808 
1
              1               0               0 -12.6971136844418 
              0               1               0 -8.1452275171644 
              0               0               1 2.86849498801163 
1
              1               0               0 -7.08610692972674 
              0               1               0 -3.247086177859 
              0               0               1 2.93153403858811 
1
              1               0               0 -9.89156609636379 
              0               1               0 -5.69613732932285 
              0               0               1 2.89999546439625 
1
              1               0               0 -7.08610692972687 
              0               1               0 -3.24708617785905 
              0               0               1 2.93153403858815 
1
              1               0               0 -8.416478147178 
              0               1               0 -7.34731992240813 
              0               0               1 -0.0946973976538175 
1
              1               0               0 -9.89161030708436 
              0               1               0 -5.69615684751166 
              0               0               1 2.90001451329999 
1
              1               0               0 -28.1996987613466 
              0               1               0 -18.7396336174316 
              0               0               1 5.70533162894593 
1
              1               0               0 -12.6971136844417 
              0               1               0 -8.14522751716419 
              0               0               1 2.86849498801175 
1
              1               0               0 -5.61101286762806 
              0               1               0 -4.89820505512486 
              0               0               1 -0.0630989370192125 
1
              1               0               0 -5.61101286762801 
              0               1               0 -4.89820505512478 
              0               0               1 -0.0630989370191415 
1
              1               0               0 -2.80550337735752 
              0               1               0 -2.44907066965268 
              0               0               1 -0.031519525288239 
1
              1               0               0 -2.80550949027057 
              0               1               0 -2.44913438547209 
              0               0               1 -0.0315794117308741 
1
              1               0               0 -11.222025735256 
              0               1               0 -9.79641011024958 
              0               0               1 -0.12619787403839 
1
              1               0               0 -53.1600557840752 
              0               1               0 -52.2842766943558 
              0               0               1 -6.62014164834418 
1
              1               0               0 -44.8881358644888 
              0               1               0 -39.1856535090166 
              0               0               1 -0.504775807341375 
1
              1               0               0 -49.0240988807385 
              0               1               0 -45.7349969595958 
              0               0               1 -3.56248867106403 
1
              1               0               0 -16.8329943921635 
              0               1               0 -14.6945956471856 
              0               0               1 -0.189315859961226 
1
              1               0               0 -8.41659949208366 
              0               1               0 -7.34737202680378 
              0               0               1 -0.0946436110343143 
1
              1               0               0 -2.80546527955005 
              0               1               0 -2.44911486728347 
              0               0               1 -0.0315984606347399 
1
              1               0               0 -1.33045352597918 
              0               1               0 -4.10020906510726 
              0               0               1 -3.02613345199191 
1
              1               0               0 -1.33041542817182 
              0               1               0 -4.10025326273785 
              0               0               1 -3.02621238733818 
1
              1               0               0 -2.80554758807796 
              0               1               0 -2.44909018784153 
              0               0               1 -0.0315004763846218 
1
              1               0               0 -2.80546527955016 
              0               1               0 -2.44911486728336 
              0               0               1 -0.0315984606345125 
1
              1               0               0 -1.33049256235671 
              0               1               0 -4.10028584894485 
              0               0               1 -3.02617764962264 
1
              1               0               0 -2.80550949027059 
              0               1               0 -2.44913438547212 
              0               0               1 -0.0315794117308315 
1
              1               0               0 -2.80550337735735 
              0               1               0 -2.44907066965266 
              0               0               1 -0.0315195252884166 
1
              1               0               0 -4.13596301624983 
              0               1               0 -6.54934345057939 
              0               0               1 -3.05771286372266 
1
              1               0               0 -4.13591880552923 
              0               1               0 -6.54932393239051 
              0               0               1 -3.05773191262648 
1
              1               0               0 -5.61101286762812 
              0               1               0 -4.89820505512489 
              0               0               1 -0.0630989370192196 
1
              1               0               0 -5.61101286762801 
              0               1               0 -4.89820505512472 
              0               0               1 -0.0630989370190491 
1
              1               0               0 -1.33049256235682 
              0               1               0 -4.10028584894485 
              0               0               1 -3.02617764962258 
1
              1               0               0 2.80554758807796 
              0               1               0 2.44909018784136 
              0               0               1 0.0315004763844797 
1
              1               0               0 2.80546527955016 
              0               1               0 2.44911486728353 
              0               0               1 0.0315984606347115 
1
              1               0               0 2.80554758807801 
              0               1               0 2.44909018784142 
              0               0               1 0.0315004763844513 
1
              1               0               0 2.80546527955005 
              0               1               0 2.4491148672833 
              0               0               1 0.0315984606345978 
1
              1               0               0 12.6971136844417 
              0               1               0 8.14522751716436 
              0               0               1 -2.86849498801161 
1
              1               0               0 57.5852556618436 
              0               1               0 47.3309447420002 
              0               0               1 -2.36365929422774 
1
              1               0               0 106.898584352618 
              0               1               0 81.5630816013737 
              0               0               1 -10.8428674488779 
1
              1               0               0 123.731622955501 
              0               1               0 96.2576967667479 
              0               0               1 -10.6535706378205 
1
              1               0               0 120.781434831304 
              0               1               0 99.5599345212796 
              0               0               1 -4.66430468660583 
1
              1               0               0 103.948485588431 
              0               1               0 84.865479373751 
              0               0               1 -4.85351646249366 
1
              1               0               0 91.2513267546987 
              0               1               0 76.7201113569296 
              0               0               1 -1.98512555855532 
1
              1               0               0 70.2823693462853 
              0               1               0 55.4761722591645 
              0               0               1 -5.23215428223937 
1
              1               0               0 40.752178022582 
              0               1               0 32.6362527927882 
              0               0               1 -2.55300030291592 
1
              1               0               0 5.61096865690757 
              0               1               0 4.89818553693613 
              0               0               1 0.0631179859229007 
1
              1               0               0 5.61105707834861 
              0               1               0 4.89822457331357 
              0               0               1 0.0630798881153822 
1
              1               0               0 11.2220638330633 
              0               1               0 9.79636591261882 
              0               0               1 0.126118938692031 
1
              1               0               0 14.0274663222743 
              0               1               0 12.2455438512629 
              0               0               1 0.157837482391997 
1
              1               0               0 16.8331404296009 
              0               1               0 14.6946288778514 
              0               0               1 0.189220925622777 
1
              1               0               0 18.3080884542623 
              0               1               0 13.0434767699198 
              0               0               1 -2.80531711564606 
1
              1               0               0 11.2220638330635 
              0               1               0 9.7963659126188 
              0               0               1 0.12611893869186 
1
              1               0               0 11.2220452534449 
              0               1               0 9.79644850216846 
              0               0               1 0.126219972853704 
1
              1               0               0 15.5025789639918 
              0               1               0 10.5943423844477 
              0               0               1 -2.83689652737706 
1
              1               0               0 18.3080884542622 
              0               1               0 13.0434767699198 
              0               0               1 -2.80531711564601 
1
              1               0               0 12.6971578951623 
              0               1               0 8.14524703535301 
              0               0               1 -2.86851403691549 
1
              1               0               0 8.41647814717822 
              0               1               0 7.34731992240819 
              0               0               1 0.0946973976537606 
1
              1               0               0 2.8055475880779 
              0               1               0 2.44909018784142 
              0               0               1 0.031500476384565 
1
              1               0               0 4.28051513092839 
              0               1               0 0.797976471828918 
              0               0               1 -2.96301546606892 
1
              1               0               0 5.61100675471494 
              0               1               0 4.89814133930525 
              0               0               1 0.0630390505764638 
1
              1               0               0 11.3666467531869 
              0               1               0 4.04504377595777 
              0               0               1 -5.89459065237625 
1
              1               0               0 12.6971578951623 
              0               1               0 8.14524703535318 
              0               0               1 -2.86851403691534 
1
              1               0               0 12.6970313759139 
              0               1               0 8.14525219660624 
              0               0               1 -2.8683970037616 
1
              1               0               0 16.9776730260907 
              0               1               0 8.94322350718187 
              0               0               1 -5.83152950298441 
1
              1               0               0  22.58871058625 
              0               1               0 13.8414096885766 
              0               0               1 -5.76847171368419 
1
              1               0               0 2.80556710626672 
              0               1               0 2.44912857976027 
              0               0               1 0.0315225751999151 
1
              1               0               0 -2.80556710626672 
              0               1               0 -2.44912857976027 
              0               0               1 -0.0315225751999151 
1
0.999999768049169 -0.000475819614369677 -0.000487336949131987 0.134513709422436 
0.00047561481064569 0.999999798577419 -0.000420280470804887 -0.314303877179213 
0.000487536828662866 0.0004200485886497 0.999999792933491 -0.440852649447876 
1
0.999999032182051 -0.00097216178019248 -0.000995256968678877 0.275155577187661 
0.000971307233909969 0.99999915956158 -0.000858742330746671 -0.641754619022606 
0.000996090968699668 0.000857774799347153 0.999999136012215 -0.900588579430178 
1
0.999993307991771 -0.00255817360661897 -0.00261528573460909 0.726791895930774 
0.0025522648189561 0.999994188761606 -0.00226017417720032 -1.68529535101101 
0.00262105245448669 0.00225348415032417 0.999994025928763 -2.36873350029413 
1
0.999301006267691 -0.0264171438022157 -0.0264505838444658 7.92159194596536 
0.0257999590348801 0.999393004450198 -0.0234090745183284 -16.8812520983529 
0.0270529293456101 0.022710287742325 0.99937599623189 -24.2936699667888 
1
0.997428092441952 -0.0511841435470257 -0.0501735374173091 16.1531318117878 
0.048913247408116 0.997766594505676 -0.0454897473782619 -31.698872524916 
0.0523898333228985 0.0429186013041328 0.997704013736788 -46.7466222615706 
1
0.989056130079793 -0.107772839733957 -0.100762029392338 37.6659682524988 
0.0981098205990888 0.990496509436168 -0.0963904969215401 -62.1627698512384 
0.110192715973417 0.0854498672348043 0.990230218452232 -96.9616607646368 
1
0.96772293472649 -0.189720642353804 -0.16588670672845 74.9064396029153 
0.161221226550311 0.971971086325815 -0.17111377342642 -98.6455220427126 
0.193700897555907 0.138846264665187 0.971185706790705 -167.234847185989 
1
0.901577872044869 -0.342622577783831 -0.264134643376837 161.801408968242 
0.255719598064672 0.914531717654394 -0.313431371387337 -144.88530289899 
0.3489481735225 0.21503838400822 0.91213686779915 -291.36144448034 
1
0.973410024247597 -0.171322201586627 -0.152057975581041 65.9522281246597 
0.147844268610036 0.976909668563504 -0.154238684208305 -91.1984740733798 
0.174971417475704 0.127656581149022 0.976262669754348 -151.695766921236 
1
0.999096247626103 -0.0300842012693595 -0.0300271346189757 9.09242032226086 
0.0292862224423243 0.999215195153086 -0.0266704133871013 -19.1353117385941 
0.0308059272624624 0.025766928593933 0.999193204658806 -27.6373630910316 
1
0.999999999999889 3.2886883073467e-007 3.36970876962237e-007 -9.28648408944355e-005 
-3.28868928612804e-007 0.999999999999904 2.90464604133945e-007 0.000217368120274841 
-3.36970781437433e-007 -2.90464714953183e-007 0.999999999999901 0.000304743550756825 
1
              1 9.49314458285141e-009 9.72701592135166e-009 -2.68064331976348e-006 
-9.49314466439824e-009               1 8.38456654412714e-009 6.2745568243372e-006 
-9.7270158417655e-009 -8.3845666364558e-009               1 8.79674217912907e-006 
1
0.998884745302275 -0.0334662952969365 -0.0333057454729154 10.1872389277798 
0.032481567996362 0.999031529744654 -0.0296808072085977 -21.1954336701216 
0.0342667965077871 0.028565882712678 0.999004392884205 -30.7152070938993 
1
0.994862352404166 -0.0729424922130152 -0.0702017991123018 23.9930266070884 
0.0684061456200161 0.995538544792354 -0.0649892689152204 -43.9536830462262 
0.0746290761718441 0.0598531424611599 0.995413533325352 -66.2277177120826 
1
0.994054605224257 -0.0786308496689359 -0.0753168726965406 26.1331723825223 
0.0733812931682443 0.994837109399007 -0.0701021510054003 -47.0439706656528 
0.0804402116195741 0.0641585165271843 0.994692443477696 -71.2843636837813 
1
0.998785952405979 0.0338662625661372 0.0357728603312933 -8.76061263556505 
-0.0349382202207143 0.998945739492708 0.0297780173479728 23.3903463577067 
-0.0347266762632077 -0.0309917054898364 0.998916198760708 31.7041636300586 
1
0.994736678121359 0.0692067245015708 0.0755603764141475 -16.0635430794359 
-0.0738540366861181 0.995429411152291 0.0605464175502445 50.1049419884463 
-0.0710248017614235 -0.0658081810777862 0.995301341724195 65.5270132031562 
1
0.998611098944637 0.0361809368391395 0.0382989931202765 -9.29865230051644 
-0.0374072834214972 0.998793899400306 0.0318031707185962 25.0651661206395 
-0.0371021321706525 -0.0331916605516294 0.998760104058135 33.8954530980427 
1
0.994688662490253 0.0695098652076681 0.0759133937600114 -16.1174067202744 
-0.0741995733605089 0.995387715106884 0.0608088803335185 50.3451007324585 
-0.0713364424853748 -0.0661186452758186 0.995258477341651 65.8206620741077 
1
0.998767112405451 0.0341236246192805 0.0360532026333163 -8.82083327476971 
-0.0352122172747239 0.998929379122149 0.0300032545107265 23.5760663108322 
-0.0349907835275829 -0.0312357770750181 0.998899379967094 31.9476472158183 
1
0.996267511525886 0.0586206220078437 0.0633614090234059 -14.0860882416762 
-0.0619162667668736 0.996758763650155 0.0513648030879874 41.8392157701422 
-0.0601450030149736 -0.0550961864563045 0.996667943123637 55.3111199655032 
1
0.999010459269158 0.0306244201575357 0.0322528628317173 -7.99358098286996 
-0.0314981468270391 0.999140697845766 0.0269394256571588 21.0615553920557 
-0.0314001435870783 -0.0279286734072714 0.999116619912021 28.6405407917186 
1
0.999065403601018 0.0297745949680137 0.03133357340021 -7.78992592066311 
-0.0305998078911014 0.999188410669765 0.0261948800389828 20.4543193392807 
-0.0305282014629638 -0.0271291997250147 0.999165669665305 27.8384720925048 
1
0.999125589491763 0.0288136054641685 0.0302957515650566 -7.55834508280509 
-0.0295856765445474 0.999240675183959 0.0253527276896985 19.7692642354793 
-0.0295422437559812 -0.0262268793046719 0.999219398648665 26.9320025113862 
1
0.996886234208856 0.0536841236092245 0.0577568257195201 -13.1010846779474 
-0.0564334598715064 0.997296053038836 0.0470727861942571 38.0636002604687 
-0.0550735930534462 -0.0501856300694597 0.997220287540679 50.5725110239453 
1
0.997390863979712 0.0492570898805723 0.052775027676932 -12.1845316311862 
-0.0515608573296869 0.997734265874014 0.043218198623605 34.7192802693716 
-0.0505266508016452 -0.0458265621374648 0.997670779246055 46.336280005149 
1
0.999436341402048 0.0231974652442769 0.024266789881027 -6.17787114639248 
-0.023695154257145 0.999510527427143 0.0204265813842037 15.7996845753576 
-0.0237810670412295 -0.0209900730955364 0.999496812241952 21.6453623059654 
1
0.9980686568133 0.0425274914561258 0.0452809977512002 -10.732241102484 
-0.0442327937217 0.998322850885094 0.0373489673248444 29.709545441666 
-0.0436166968770972 -0.0392797386843129 0.99827585660599 39.9204294843142 
1
0.999588825727763 0.019844845535386 0.0206968979769464 -5.33195478640198 
-0.0202078967128359 0.999642942501621 0.0174822314692362 13.4573677015518 
-0.0203425758112097 -0.0178932840020289 0.999632937631103 18.498207525772 
1
0.999631413893046 0.0187984474943976 0.0195871062178831 -5.06462522972515 
-0.0191238949485719 0.999679925418071 0.0165627098663428 12.7304464511512 
-0.0192694836512618 -0.0169311868432498 0.99967095682124 17.5172662901751 
1
0.999669865454213 0.0177993951809578 0.0185294801316382 -4.8079308902428 
-0.0180908913752917 0.99971331617028 0.0156845503942542 12.0382471360132 
-0.0182449925186084 -0.016014587194636 0.999705283193493 16.5812956643635 
1
0.999704530893363 0.0168466237482502 0.0175226190840782 -4.56180273342466 
-0.0171075116838719 0.999743419111585 0.0148468510824473 11.3797754551259 
-0.0172680038008739 -0.0151422327073345 0.999736229629281 15.6892158790141 
1
0.999735579474773 0.015943756592591 0.0165700862386504 -4.32737579851675 
-0.0161772298167385 0.999770381228514 0.0140528308055004 10.757286028129 
-0.0163422265220051 -0.0143171730417637 0.999763947233744 14.8443395912525 
1
0.999763358628289 0.0150891311746876 0.01566987123993 -4.10441025911916 
-0.0152980764673141 0.999794504223875 0.0133010593614435 10.1693920349574 
-0.0154659497181106 -0.0135376306689725 0.999788746163502 14.0450339953187 
1
0.999009803302798 0.0306344170753484 0.0322636853964239 -7.99597031480619 
-0.031508722938093 0.999140128214534 0.0269481830603847 21.0687065932148 
-0.0314104008843617 -0.0279380865826404 0.99911603431953 28.6499784821284 
1
0.999031235644449 0.0303060022456044 0.0319082502593642 -7.917399447923 
-0.0311613841692856 0.999158739734785 0.0266604753943082 20.8338752763493 
-0.0310734346891197 -0.0276289529205459 0.999135167340803 28.3399662858798 
1
0.998216092625421 0.0409060516235753 0.0434893936978494 -10.3718328546388 
-0.0424811736984057 0.998450881906979 0.035933080864046 28.5156476193297 
-0.0419521430303988 -0.037716460063818 0.998407475099927 38.3787980636625 
1
0.999161823004571 0.028218576831763 0.029654061640396 -7.4142716067031 
-0.0289586551042836 0.999272139816632 0.0248311675287596 19.3459453872205 
-0.0289317774209202 -0.0256690963588528 0.999251744930869 26.3710058105676 
1
0.999626019354469 0.0189342819179164 0.0197310516139484 -5.09941615788591 
-0.0192644925436081 0.999675240882633 0.0166820889964782 12.8246981652605 
-0.0194087803990025 -0.017055958914761 0.999666141023553 17.6445681297467 
1
0.999921690015383 0.0087061588461351 0.00898980727967093 -2.40665740538543 
-0.00877530357147631 0.999931996797725 0.00768087412626974 5.81929744853858 
-0.00892232503376761 -0.00775916092506324 0.999930091325254 8.08827643748705 
1
0.999930140915589 0.00822482061322927 0.00848914685998538 -2.27632435416399 
-0.00828650351647366 0.99993933543122 0.00725667395176368 5.49414956032217 
-0.00842894702804986 -0.00732651235247267 0.999937635589714 7.64000508082516 
1
0.998995137344818 0.0308570409565316 0.0325047471119989 -8.04914056266637 
-0.031744296300001 0.999127392519182 0.0271431974947234 21.2280066289251 
-0.0316388244697209 -0.0281477626326987 0.999102941765736 28.8601642045842 
1
0.999631983929507 0.0187840350199297 0.0195718352110186 -5.06093225128245 
-0.0191089791536811 0.999680420429084 0.0165500430946572 12.7204479782784 
-0.0192547038632484 -0.0169179502038777 0.999671465702627 17.5037597722424 
1
0.999966862726202 0.00567133779361615 0.00584032337703923 -1.57955167810883 
-0.00570059674069109 0.999971224094297 0.00500541508307885 3.77597275953423 
-0.00581176791671105 -0.0050385425456765 0.999970417783795 5.26409374443423 
1
0.999885793136414 0.0105051067620155 0.0108647786854233 -2.89091220572811 
-0.0106059470603937 0.999900824492768 0.00926580086309532 7.03807570259596 
-0.0107663629381838 -0.00937997391260063 0.999898045561887 9.76478540100236 
1
0.999629182677454 0.0188547514158006 0.0196467678933176 -5.0790494118005 
-0.0191821689481205 0.99967798786431 0.0166121935339912 12.7695101566553 
-0.0193272226160743 -0.0169829010658774 0.999668964976574 17.5700321352992 
1
0.999980275186315 0.00437815851444318 0.00450343938818706 -1.22325296025213 
-0.00439557477153089 0.999982871271123 0.00386472337789832 2.91012096715878 
-0.00448644187843185 -0.00388444235150958 0.999982391318412 4.0622196643719 
1
0.99979847853613 0.0139321093170962 0.0144533264965475 -3.80090691363648 
-0.0141100450725153 0.999825001818894 0.0122830112716784  9.375543016368 
-0.0142796689349196 -0.0124844730695803 0.999820098311333 12.9635666387161 
1
0.999161843113103 0.0282182429739566 0.0296537017974097 -7.41419062388547 
-0.0289583034914115 0.999272157278576 0.024830874868209 19.3457080555203 
-0.0289314349061061 -0.0256687835957237 0.999251762882102 26.370691106098 
1
0.999783027538364 0.0144527945226088 0.0150004858824951 -3.93772387463764 
-0.0146443729188999 0.999811584406905 0.0127411941185641 9.73249930512611 
-0.0148135136964825 -0.0129581023395399 0.999806304938973 13.4501567617059 
1
0.999106572663628 0.0291208275867257 0.030627338457695 -7.63252817137663 
-0.0299096897999939 0.999224161258989 0.0256219829899522 19.9880860878873 
-0.0298574432329051 -0.026515145802606 0.999202421997996 27.2217354490645 
1
0.999771112569762 0.0148415995630756 0.0154093930260199 -4.03963810407902 
-0.0150436984215461 0.999801237628982 0.0130832860305404 9.99935782635691 
-0.0152121533262917 -0.0133121056923643 0.999795668240873 13.8136025801552 
1
0.999768143799994 0.0149368676241602 0.0155096301791142 -4.06457736227708 
-0.0151415877929425 0.999798659594368 0.0131671026583134 10.0647864307586 
-0.0153098321944817 -0.0133988902109191 0.999793017968866 13.9026700049885 
1
0.999059283870601 0.0298705007402866 0.0314372469769064 -7.81296260540103 
-0.0307011171515874 0.999183096388739 0.0262789135364638 20.5227809943814 
-0.030626601470078 -0.0272193511409983 0.999160206476347 27.9289668924585 
1
0.999762626592204 0.0151122862606736 0.0156942433214264 -4.11046487313467 
-0.0153218779132026 0.999793868534847 0.0133214300034594 10.1853032618178 
-0.0154896909804423 -0.0135587331303338 0.999788092662256 14.0666847842727 
1
0.999762005237549 0.015131911970057 0.0157149013208686 -4.1155960288512 
-0.0153420522550134 0.999793328959894 0.013338695584538 10.1987899898721 
-0.0155098135384868 -0.0135766198820981 0.999787537968232 14.0850357250486 
1
0.999749325735987 0.0155268648144062 0.0161307829777017 -4.21874093210465 
-0.0157482006149442 0.999782318273151 0.0136861333383411 10.4703455961634 
-0.0159147688588313 -0.0139367333833483 0.999776218758364 14.4543813048234 
1
0.999750006843562 0.0155059103449474 0.0161087107079389 -4.21327405951365 
-0.0157266447535121 0.999782909736633 0.0136677007337781 10.4559310914652 
-0.0158932835214893 -0.0139176198728713 0.99977682679485 14.4347832179112 
1
0.999009787649367 0.0306346555916817 0.0322639436142734 -7.99602732003677 
-0.0315089752758072 0.999140114621332 0.0269483920028545 21.0688772158998 
-0.0314106456131442 -0.0279383111739057 0.999116020345443 28.6502036565889 
1
0.99975611746697 0.015316604243097 0.0159093438528992 -4.16385727319778 
-0.0155319432045895 0.999788216109271 0.0135011728872186 10.3257434188843 
-0.0156991823882279 -0.0137449832121215 0.999782281853824 14.257742209799 
1
0.999759409705442 0.0152136130847568 0.0158009076427347 -4.13695099061556 
-0.0154260451254273 0.9997910750392 0.0134105705974818 10.254942087817 
-0.015593583206409 -0.0136510896586711 0.999785220891925 14.1614323750727 
1
0.999763282231609 0.0150915493799704 0.0156724164949746 -4.10504260919572 
-0.0153005621279474 0.999794437882157 0.0133031867787494 10.1710536821493 
-0.0154684291396657 -0.0135398344603391 0.999788677962867 14.0472950848522 
1
0.9999916186934 0.00285590148257946 0.00293366147938078 -0.800900521127915 
-0.00286330185618057 0.999992721800536 0.00252147743118832 1.89457349060888 
-0.00292643903647335 -0.0025298562562722 0.999992517862953 2.64862184032849 
1
0.999636311762592 0.0186742398120053 0.019455512666733 -5.03278914634689 
-0.0189953626344458 0.999684178653659 0.016453545148247 12.6442911532976 
-0.0191421107526728 -0.0168171257057566 0.999675329233911 17.4008701163707 
1
0.999010416329735 0.0306250746581991 0.0322535713816304 -7.99373741754971 
-0.0314988392415729 0.999140660557823 0.0269399990072516 21.062023577269 
-0.0314008151347022 -0.0279292896840736 0.999116581579257 28.6411586778068 
1
0.999980420690486 0.00436201270647808 0.00448676730257398 -1.2187899312911 
-0.00437930048894096 0.999982997624737 0.00385047901864321 2.8993286931389 
-0.00446989517846723 -0.00387005253116466 0.999982521212496 4.04721966279669 
1
0.999751195516825 0.0154692709570403 0.016070118815293 -4.20371360940317 
-0.015688955812516 0.999783941962456 0.0136354706382031 10.4307288601038 
-0.0158557159470296 -0.0138842014559731 0.999777887943986 14.4005160969324 
1
0.999751195516825 -0.0156889558125161 -0.0158557159470297 4.5946454435134 
0.0154692709570404 0.999783941962456 -0.0138842014559732 -10.1635071658868 
0.0160701188152932 0.0136354706382032 0.999777887943986 -14.471991288633 
1
0.999743565685331 -0.0159293531382062 -0.0160952968093055 4.66757104849773 
0.0157029314329451 0.99977731633257 -0.014097364691876 -10.3160756786971 
0.0163162745500786 0.0138410063016332 0.999771076661735 -14.6927280435589 
1
0.999736407637333 -0.0161516984035215 -0.0163167975743508 4.73508734278073 
0.0159189564152825 0.999771100392314 -0.0142945320661634 -10.4571035822437 
0.0165439436365395 0.0140310177472597 0.999764686548753 -14.8968622477364 
1
0.999729784490794 -0.0163547910776835 -0.0165190438826009 4.79681360613858 
0.0161162011040242 0.999765348952367 -0.0144746363037819 -10.5858496906395 
0.0167518973243217 0.0142045007993043 0.999758773951536 -15.0832981945927 
1
0.999623433588757 -0.019331531465556 -0.0194751870702026 5.70766923755332 
0.0189990377075054 0.999672995442929 -0.0171154534953213 -12.4652011227255 
0.0197996865230729 0.0167389985769142 0.999663832665877 -17.8134378848877 
1
0.999733191362144 -0.0162506329373672 -0.0164153287508513 4.76514997403399 
0.0160150511009828 0.999768307427747 -0.0143822669037695 -10.5198293319319 
0.016645246381369 0.0141155372619433 0.999761815324385 -14.987685313349 
1
0.999729113608852 -0.0163752254711468 -0.0165393891552251 4.80302722776787 
0.0161360431343571 0.999764766368669 -0.0144927581835504 -10.5987999037034 
0.0167728207176086 0.0142219519957636 0.999758175043648 -15.1020554620229 
1
0.999725805865277 -0.0164756132362714 -0.0166393285775166 4.83356067439217 
0.0162335102882455 0.999761893974344 -0.0145817866036227 -10.6624103661988 
0.0168756105294946 0.0143076736516096 0.999755222163873 -15.194200871164 
1
0.999723276101576 -0.0165519875547959 -0.0167153500925818 4.85679907088081 
0.016307650922047 0.999759697165936 -0.0146495202679591 -10.7107937807501 
0.0169538120237412 0.0143728783012509 0.999752963800159 -15.2643009434729 
1
0.999992769175268 0.00265290372865738 0.00272464658001698 -0.744339092140194 
-0.00265928827071219 0.999993720861531 0.00234231155118236 1.75944725059088 
-0.00271841554453602 -0.00234954023503014 0.999993544917972 2.46021028426634 
1
0.99999239317406 0.00272092042247624 0.00279467101285825 -0.763296905130346 
-0.00272763695923578 0.999993394347789 0.00240234414823201 1.80471496813783 
-0.00278811596497875 -0.00240994872196181 0.999993209255205 2.52333719075315 
1
0.999991993192746 0.00279144975845006 0.00286729116860562 -0.782948380055018 
-0.00279851946343295 0.999993047010085 0.00246459333336463 1.85166330811234 
-0.00286039144389395 -0.00247259776998352 0.999992852184982 2.58879878154183 
1
0.999991567289406 0.00286463454745799 0.00294265509154695 -0.803332559863748 
-0.00287208030882277 0.999992677162087 0.00252918502701035 1.90038827179319 
-0.00293538835215539 -0.00253761524086907 0.99999247197372 2.65672790662245 
1
0.999991113718429 0.00294056384976835 0.00302085557778615 -0.824473439333133 
-0.00294841009698131 0.999992283287934 0.00259619769738634 1.95095017093536 
-0.00301319798161767 -0.00260508134792966 0.999992067063081 2.72720755632473 
1
0.999974541210786 -0.00499510136611918 -0.00509567391234889 1.42732768356063 
0.00497262222764963 0.999977891973787 -0.00441458852463701 -3.28044475148374 
0.00511761257422673 0.00438913727319689 0.999977272499499 -4.62191022520048 
1
0.999972581264679 -0.00518424796880863 -0.00528774922373936 1.48203372731041 
0.00516003827278758 0.999976189986331 -0.00458186266113519 -3.40383802415988 
0.00531137683455241 0.00455445204388421 0.999975522821785 -4.79666104334159 
1
0.999804201416541 -0.0139070241111826 -0.0140767009701753 4.05643474719659 
0.0137341414405789 0.999829971481397 -0.012304531132823 -9.02965950426329 
0.0142454269407035 0.0121087905209159 0.999825207225442 -12.8348501461631 
1
0.999991547825077 0.0028679343891718 0.00294605341886603 -0.804251493391234 
-0.00287539733679553 0.99999266025956 0.00253209738449136 1.90258545624761 
-0.00293876990643289 -0.00254054705691601 0.999992454597578 2.65979084399335 
1
0.999991044122572 0.00295204092792408 0.00303267687168182 -0.827668299609627 
-0.00295994862562031 0.999992222851948 0.00260632686993618 1.95859370345886 
-0.0030249593025132 -0.00261528009573048 0.999992004933659 2.73786116848298 
1
0.999990503303151 0.00303974536018409 0.00312301963753338 -0.852076534660114 
-0.00304813058077252 0.99999175321257 0.00268373001867942 2.01701076509005 
