DBRep_DrawableShape

CASCADE Topology V1, (c) Matra-Datavision
Locations 4
1
-0.996194292759886               0 -0.0871603755879417               0 
              0              -1               0               0 
-0.0871603755879417               0 0.996194292759886               0 
1
0.992403966524825 -0.0871550662519747 0.0868237389911767 1588.86019448198 
0.0871550662519747 -3.67320510376648e-06 -0.996194757270445 19775.1083487331 
0.0868237389911767 0.996194757270445 0.00759236027007126 -18160.897166925 
2  1 1 2 1 0
2  2 -1 1 -1 0
Curve2ds 4
8 0 1.5708000000000002
1 0 4.7123896133436114 1 0 
7 0 0  1 2 2  0 6.2831859363931883  1.5708000000000002 6.2831859363931883 
 0 2 1.5708000000000002 2
8 4.7123896133436114 6.2831859363931883
1 0 0 0 1 
8 4.7123896133436114 6.2831859363931883
1 1.5708000000000002 0 0 1 
Curves 4
2 7.7759358980625155 19.002654573000001 1.4556352288234022 -0.99619475727716589 -1.6940658945086007e-21 -0.087155066252562696 -0.087155065159781817 -0.00015835625454552061 0.99619474478652559 -1.3801549856422533e-05 0.99999998746164831 0.00015775367056029599 0.26700487819428992
2 7.5099521170361374 19.002654573000001 1.4323648453084132 -0.99619475727716589 -1.7347234759768071e-18 -0.087155066252562696 -0.010325225708593486 -0.99295767997669115 0.11801879294999441 -0.086541292384359467 0.11846959852766892 0.98917923499087757 4.0160966044200379e-05
2 -7.9785048503903591 -18231.112717662905 19756.038726736399 7.5910563337338332e-18 -1.2935971873762403e-16 1 1 -1.3877787807814454e-17 -7.5910563337338347e-18 1.3877787807814455e-17 1 1.2935971873762403e-16 0.26699994900005231
2 7.7759324668167364 19.002659499 1.4556763875214711 -0.087160375587941721 1.29954654355868e-16 0.9961942927598858 -0.9961942927598858 1.3877787807814451e-17 -0.087160375587941721 -2.5151869493336077e-17 -1 1.2825049178924044e-16 0.26699994900005231
Polygon3D 0
PolygonOnTriangulations 0
Surfaces 1
7 7.7749557539999996 19.002654573000001 1.455549478 -0.99619475727716589 0 -0.087155066252562682 
2 7.7759356371067954 19.002613271852219 1.4556401506568546 -4.9891981826804732e-06 -0.99999999997905153 -4.1237307983559962e-06 -0.99619475726472384 5.3296171035055462e-06 -0.087155066231822592 0.087155066251974722 3.6732051036381108e-06 -0.99619475727044537 0.26699994900005231
Triangulations 0

TShapes 9
Ve
0.0005
7.75266507050551 19.0026122911075 1.72162408531292
0 0

0101100
*
Ve
0.0005
7.7759322984599 19.269659448 1.45567637279137
0 0

0101100
*
Ed
 0.0005 1 1 0
1  1 0 0 1.5708
2  1 1 0 0 1.5708
0

0101100
+9 0 -8 0 *
Ve
0.0005
7.5099517023651 19.0026146948603 1.43236958505715
0 0

0101100
*
Ed
 0.0005 1 1 0
1  2 0 0 1.5708
2  2 1 0 0 1.5708
0

0101100
+6 0 -6 0 *
Ed
 0.0005 1 1 0
1  3 0 4.71238961334361 6.28318593639319
2  3 1 4 4.71238961334361 6.28318593639319
0

0101000
+9 4 -6 4 *
Ed
 0.0005 1 1 0
1  4 0 4.71238961334361 6.28318593639319
2  4 1 0 4.71238961334361 6.28318593639319
0

0101100
+8 0 -6 0 *
Wi

0101000
+7 0 -5 0 -4 3 +3 0 *
Fa
0  1e-10 1 0

0111000
+2 0 *

+1 0 
