DBRep_DrawableShape

CASCADE Topology V1, (c) Matra-Datavision
Locations 0
Curve2ds 6
8 0 40
1 2 0 0 1 
7 0 0  1 2 2  9.8638882599439874 -24.345506944718551  0.82855150831590318 21.078745275705273 
 0 2 40 2
1 0 0 1 0 
8 0 40
1 3 0 0 1 
7 0 0  1 2 2  -7.0933023550934653 -19.898117039037274  0.023487239394527126 20.031211854243512 
 0 2 40 2
1 0 40 1 0 
Curves 3
7 0 0  1 2 2  -10.999999999999998 -14.5 20  5 2.5 -20 
 0 2 40 2
7 0 0  1 2 2  -10.999999999999998 -14.5 20  -0.999999999999996 5.5 20 
 2 2 3 2
7 0 0  1 2 2  -0.999999999999996 5.5 20  5 2.4999999999999991 -20 
 0 2 40 2
Polygon3D 0
PolygonOnTriangulations 0
Surfaces 4
1 -1.7576059274471887 -1.9799208050207329 4.0941094663297237 0.882108554271954 -0.441054277135977 0.16539535392599136 0.44721359549995798 0.89442719099991597 0 -0.14793410181646138 0.073967050908230692 0.98622734544307589 
9 0 0 0 0 1 1 2 2 2 2 -10.999999999999998 -14.5 20  5 2.5 -20  
-0.999999999999996 5.5 20  5 2.4999999999999991 -20  

2 2
3 2

0 2
40 2

1 2.0000000000000004 -3.5 0 0.43842363202141438 -0.87684726404282898 -0.19729063440963659 -0.88117524074657982 -0.37613747215881854 -0.28644510317542765 0.17696020451038927 0.29943192478187669 -0.93756365567414235 
1 4.5000000000000009 1.5 0 0.70611450486848504 0.70611450486848448 0.05295858786513629 0.70768636291644316 -0.70627666022334501 -0.018796035907982522 0.024131260978877689 0.050750224020124524 -0.99841979998669739 
Triangulations 0

TShapes 9
Ve
1.01e-007
-11 -14.5 20
0 0

0101101
*
Ve
1.01e-007
5 2.5 -20
0 0

0101101
*
Ed
 1e-007 1 1 0
1  1 0 0 40
2  1 2 0 0 40
2  2 3 0 0 40
0

0101000
+9 0 -8 0 *
Ve
1.01e-007
-0.999999999999996 5.5 20
0 0

0101101
*
Ed
 1e-007 1 1 0
1  2 0 2 3
2  3 2 0 2 3
0

0101000
+9 0 -6 0 *
Ed
 1e-007 1 1 0
1  3 0 0 40
2  4 2 0 0 40
2  5 4 0 0 40
0

0101000
+6 0 -8 0 *
Ed
 1e-007 1 1 1
2  6 2 0 2 3
0

0101000
+8 0 -8 0 *
Wi

0101100
+7 0 -5 0 -4 0 +3 0 *
Fa
1  1e-007 1 0

1111000
+2 0 *

+1 0 