DBRep_DrawableShape

CASCADE Topology V1, (c) Matra-Datavision
Locations 0
Curve2ds 7
1 7.3725638556880382 0 -1 0 
1 0 -20.750000176550003 1 0 
7 0 0  3 25 23  5.016369365495696 1.6579330390028995e-014  5.016369365495696 0.023799944185991993  5.016369365495696 0.071399832557947934  5.0163693654956978 0.14279966511831635  5.016369365495696 0.21419949768354557  5.0163693654956969 0.28559933025603623  5.0163693654956969 0.35699916283814864  5.0163693654956978 0.42839899543220006  5.0163693654956951 0.49979882804043985  5.016369365495696 0.57119866066504921  5.016369365495696 0.64259849330812591  5.016369365495696 0.71399832597167445  5.0163693654956978 0.78539815865758777  5.0163693654956951 0.85679799136766577  5.0163693654956996 0.92819782410350982  5.0163693654956969 0.99959765686688962  5.0163693654956996 1.0709974896582879  5.0163693654956996 1.1423973224823469  5.0163693654957004 1.213797155327462  5.0163693654957031 1.2851969882419669  5.0163693654957022 1.3565968210497177  5.0163693654957076 1.4279966544115674  5.0163693654957298 1.4993964858638726  5.0163693654957315 1.546996378356591  5.0163693654957262 1.5707963267948966 
 2.3561944901923444 4 2.427594323228476 1 2.4989941562646076 1 2.5703939893007393 1 2.6417938223368709 1 2.7131936553730025 1 2.7845934884091346 1 2.8559933214452662 1 2.9273931544813978 1 2.9987929875175294 1 3.0701928205536611 1 3.1415926535897927 1 3.2129924866259243 1 3.2843923196620559 1 3.3557921526981875 1 3.4271919857343196 1 3.4985918187704508 1 3.5699916518065828 1 3.641391484842714 1 3.7127913178788461 1 3.7841911509149777 1 3.8555909839511093 1 3.926990816987241 4
1 -4.4408920985006262e-016 30.867202209927488 1 0 
1 5.0163693654957262 1.5707963267948966 -1 0 
7 0 0  1 2 2  2.3561944901923426 -25.351168857380863  3.9269908235872397 -25.351168857380848 
 1.5707963267948966 2 3.1415926535897931 2
7 0 0  3 25 23  3.4455730387007995 0  3.4455730387007999 0.0237999443453768  3.4455730387007986 0.071399833036130997  3.4455730387007999 0.14279966607226324  3.445573038700799 0.21419949910839531  3.4455730387007986 0.28559933214452621  3.4455730387008003 0.35699916518065894  3.4455730387007995 0.42839899821678828  3.4455730387007981 0.49979883125292357  3.4455730387008017 0.57119866428905242  3.4455730387007981 0.64259849732518526  3.4455730387007981 0.71399833036131688  3.4455730387007995 0.7853981633974475  3.4455730387007999 0.85679799643357923  3.4455730387007981 0.92819782946971208  3.4455730387007999 0.99959766250584281  3.4455730387007968 1.0709974955419748  3.4455730387008012 1.1423973285781071  3.4455730387007981 1.2137971616142382  3.4455730387008017 1.2851969946503699  3.4455730387007941 1.3565968276865012  3.4455730387008043 1.4279966607226338  3.4455730387008074 1.4993964937587649  3.4455730387008074 1.5469963824495192  3.4455730387008066 1.5707963267948966 
 1.5707963267948966 4 1.6421961598310282 1 1.7135959928671598 1 1.7849958259032914 1 1.8563956589394233 1 1.9277954919755549 1 1.9991953250116865 1 2.0705951580478184 1 2.14199499108395 1 2.2133948241200816 1 2.2847946571562132 1 2.3561944901923448 1 2.4275943232284765 1 2.4989941562646081 1 2.5703939893007397 1 2.6417938223368713 1 2.7131936553730034 1 2.7845934884091346 1 2.8559933214452666 1 2.9273931544813983 1 2.9987929875175299 1 3.0701928205536615 1 3.1415926535897931 4
Curves 3
2 -27.1004307634234 -38.8949441704899 58.500000425700001 1.5847572356138599e-017 -5.9143945209736103e-017 -1 0.46303627315189189 0.88633933103840457 -4.5083603989878188e-017 0.88633933103840457 -0.46303627315189189 4.1432118650138495e-017 6.0000000395999837
2 -27.100430751395201 -38.894944208832499 58.500000425700101 -0.95415264009065326 -0.29932046272855506 2.5819900451348204e-018 -0.21165152894325645 0.67468780209514789 -0.70710678118654791 0.21165152894325664 -0.67468780209514856 -0.70710678118654724 6.0000000000000044
2 -27.1004307634234 -38.8949441704899 58.500000425700001 -0.29932046272855695 0.9541526400906527 -6.1175854158016089e-017 -9.2444637330587321e-033 -6.4115374823260843e-017 -1 -0.9541526400906527 -0.29932046272855695 1.9191043660113315e-017 6
Polygon3D 0
PolygonOnTriangulations 0
Surfaces 4
4 -27.1004307634234 -38.8949441704899 58.500000425700001 0 0 1 1 0 -0 -0 1 0 6
2 -27.1004307634234 -38.8949441704899 37.750000249149998 1.5847572356138399e-017 -5.9143945209736005e-017 -1 0.46303627315189189 0.88633933103840457 -4.5083603989878194e-017 0.88633933103840457 -0.46303627315189189 4.1432118650138273e-017 6.0000000395999837
2 2.3515917294191802 -29.655758960221199 58.500000425700101 -0.95415264009065326 -0.29932046272855506 2.5819900451348204e-018 -0.21165152894325645 0.67468780209514789 -0.70710678118654791 0.21165152894325664 -0.67468780209514856 -0.70710678118654724 6.0000000000000044
2 -34.688554394308802 -14.7060594876891 58.500000425700001 -0.29932046272855506 0.95415264009065326 -6.1175854158012712e-017 0.67468780209514789 0.21165152894325642 -0.70710678118654791 -0.67468780209514856 -0.21165152894325667 -0.70710678118654724 6.0000000000000044
Triangulations 0

TShapes 9
Ve
1.00005e-007
-25.3045079750239 -44.6198600493765 58.5000004257001
0 0

0101101
*
Ve
1.00005e-007
-32.8253466417517 -40.6908669587142 58.5000004257
0 0

0101101
*
Ed
 1e-007 1 1 0
1  1 0 2.35619449019235 3.92699081698726
2  1 1 0 2.35619449019235 3.92699081698726
2  2 2 0 2.35619449019235 3.92699081698726
0

0101000
+9 0 -8 0 *
Ve
1.00005e-007
-27.1004307513952 -38.8949442088325 64.5000004257001
0 0

0101101
*
Ed
 1e-007 1 1 0
1  2 0 2.35619449019234 3.92699081698724
2  3 1 0 2.35619449019234 3.92699081698724
2  4 3 0 2.35619449019234 3.92699081698724
0

0101000
+9 0 -6 0 *
Ed
 1e-007 1 1 1
2  5 1 0 0 1.57079632679492
0

0101000
+6 0 -6 0 *
Ed
 1e-007 1 1 0
1  3 0 1.5707963267949 3.14159265358979
2  6 4 0 1.5707963267949 3.14159265358979
2  7 1 0 1.5707963267949 3.14159265358979
0

0101000
+8 0 -6 0 *
Wi

0101100
-7 0 +5 0 +4 0 -3 0 *
Fa
0  1e-007 1 0

0101000
+2 0 *

-1 0 
0

