DBRep_DrawableShape

CASCADE Topology V1, (c) Matra-Datavision
Locations 4
1
              1               0               0               0 
              0               1               0               0 
              0               0               1               0 
1
              1               0               0 0.449999999999999 
              0               1               0 7.105427357601e-015 
              0               0               1               0 
2  1 -1 0
2  2 -1 0
Curve2ds 6
8 0 0.44999999999999929
1 6.2831853071795862 0 0 1 
1 565.03973572621635 3.7608943656411738e-028 -3.0814879110195774e-032 1 
8 5.4010248099500835 6.2831853071795862
1 0 0 1 0 
8 5.4010248099500835 6.2831853071795862
1 0 0.44999999999999929 1 0 
1 5.4010248099500835 0 0 1 
1 -502.90246847876375 -1.3157554858128777e-043 -1.5987211554602254e-014 1 
Curves 3
1 23.115000000000002 6.2682051428634713 5.9987093124453104 1 9.53092767304775e-015 -7.8443849160887036e-015 
2 23.115000000000002 5.8049369574871479 6.379999999994812 1 -0 0 0 0.77211364230038027 -0.6354844792547184 0 0.6354844792547184 0.77211364230038027 0.59999999999483933
1 23.115000000000002 5.8049369574846379 5.7799999999999727 1 1.5987211554602254e-014 0 
Polygon3D 3
2 1
5e-005
23.115 6.26820514286347 5.99870931244531 23.565 6.26820514286348 5.99870931244531 
0 0.449999999999999 
35 1
5e-005
23.115 5.80493695748464 5.77999999999997 23.115 5.82050274907898 5.78020194554154 23.115 5.8360580625326 5.78080764622638 23.115 5.85159242675817 5.78181669432597 23.115 5.86709538477038 5.78322841059776 23.115 5.88255650072503 5.7850418447424 23.115 5.89796536694401 5.78725577604342 23.115 5.91331161092121 5.78986871418897 23.115 5.92858490230478 5.79287890027502 23.115 5.94377495985106 5.79628430798936 23.115 5.95887155834538 5.80008264497565 23.115 5.97386453548521 5.80427135437648 23.115 5.98874379872092 5.80884761655457 23.115 6.00349933204959 5.81380835099076 23.115 6.01812120275734 5.81915021835771 23.115 6.03259956810548 5.82486962276776 23.115 6.04692468195626 5.8309627141935 23.115 6.06108690133341 5.83742539105945 23.115 6.07507669291339 5.84425330300299 23.115 6.08888463944274 5.85144185380288 23.115 6.10250144607734 5.85898620447317 23.115 6.11591794663919 5.86688127652058 23.115 6.12912510978674 5.87512175536311 23.115 6.14211404509426 5.88370209390756 23.115 6.15487600903649 5.89261651628352 23.115 6.16740241087438 5.9018590217315 23.115 6.1796848184379 5.91142338864226 23.115 6.19171496380224 5.92130317874495 23.115 6.20348474885331 5.93149174144101 23.115 6.21498625073906 5.94198221828109 23.115 6.22621172720274 5.95276754758174 23.115 6.23715362179458 5.96384046917909 23.115 6.2478045689585 5.97519352931597 23.115 6.25815739899018 5.98681908565944 23.115 6.26820514286339 5.99870931244526 
5.40102480995008 5.42697070692742 5.45291660390476 5.4788625008821 5.50480839785944 5.53075429483678 5.55670019181412 5.58264608879145 5.60859198576879 5.63453788274613 5.66048377972347 5.68642967670081 5.71237557367815 5.73832147065549 5.76426736763283 5.79021326461016 5.8161591615875 5.84210505856484 5.86805095554218 5.89399685251952 5.91994274949686 5.9458886464742 5.97183454345154 5.99778044042887 6.02372633740621 6.04967223438355 6.07561813136089 6.10156402833823 6.12750992531557 6.15345582229291 6.17940171927025 6.20534761624758 6.23129351322492 6.25723941020226 6.28318530717959 
2 1
5e-005
23.115 5.80493695748464 5.77999999999997 23.565 5.80493695748465 5.77999999999997 
0 0.449999999999999 
PolygonOnTriangulations 0
Surfaces 3
10 5.4010248099500835 6.2831853071795862 0 0.44999999999999929
2 23.115000000000002 5.8049369574871479 6.379999999994812 1 1.5987211554602254e-014 0 -1.2343944143650671e-014 0.77211364230038027 -0.6354844792547184 -1.0159624809511431e-014 0.6354844792547184 0.77211364230038027 0.59999999999483933
1 23.115000000000002 365.34218736069732 442.27359770711229 1.2343944143612583e-014 -0.77211364229799784 0.63548447925761298 -6.8640143217961086e-031 -0.63548447925761298 -0.77211364229799784 1 9.53092767304775e-015 -7.8443849160887036e-015 
1 23.115000000000002 -497.09753152127911 5.7800000000216301 -6.8825246847522325e-028 4.3050188341136658e-014 1 0 -1 4.3050188341136658e-014 1 2.9629398394110579e-041 6.8825246847522325e-028 
Triangulations 0

TShapes 7
Ve
0.0001
23.115 6.26820514286339 5.99870931244533
0 0

0101101
*
Ed
 0.0001 1 1 0
1  1 0 0 0.449999999999999
2  1 1 0 0 0.449999999999999
2  2 2 0 0 0.449999999999999
4 G1 2 0 1 0
5  1 0
0

0101000
+7 1 -7 2 *
Ve
0.0001
23.115 5.80493695748464 5.77999999999997
0 0

0101101
*
Ed
 0.0001 1 1 0
1  2 0 5.40102480995008 6.28318530717959
2  3 1 3 5.40102480995008 6.28318530717959
2  4 1 4 5.40102480995008 6.28318530717959
5  2 3
0

0101000
-7 0 +5 0 *
Ed
 0.0001 1 1 0
1  3 0 0 0.449999999999999
2  5 1 0 0 0.449999999999999
2  6 3 0 0 0.449999999999999
4 G1 1 0 3 0
5  3 0
0

0101000
+5 1 -5 2 *
Wi

0101100
+6 0 +4 1 -3 0 -4 2 *
Fa
0  0.0001 1 0

0111000
+2 0 *

-1 0 