DBRep_DrawableShape

CASCADE Topology V1, (c) Matra-Datavision
Locations 0
Curve2ds 5
7 0 0  3 5 3  0.0040429909455981239 0.44509607718759842  0.0041053817807981119 0.43938871179989841  0.0042300239498981318 0.42794063285849837  0.0043542055515981559 0.41644239968409841  0.0044162261003980463 0.41067655442129841 
 0 4 0.4996371691982 1 1 4
1 0.0044162261003980463 0.41067655442129841 1 1.886817218492694e-009 
1 0.11857670130379805 0.41067655463669833 5.3387727023808627e-012 1 
1 0.11857670131199782 1.946566295773998 -1 2.7939377054359999e-009 
7 0 0  1 2 2  0.0040429909554977606 1.946566296093998  0.0040429909455981239 0.44509607718759803 
 4.2568358699430995e-014 2 1.5014505567373948 2
Curves 5
7 0 0  3 5 3  -53.911807948400003 -17.499407711669999 -87.226473058409994  -53.920242451740002 -17.49960411959 -87.227962533470006  -53.937139155849998 -17.499899816029998 -87.230968429770002  -53.954026129159999 -17.500000457220001 -87.234050834290002  -53.962475731209999 -17.500000407080002 -87.235609535039998 
 0 4 0.5 1 1 4
2 0 -17.5 0 0 1 0 -0.52606899952609509 0 -0.85044188968889201 -0.85044188968889201 0 0.52606899952609509 102.57680224089999
2 -63.548462470250001 -16.5 -80.520763009540005 -0.78498024163816327 0 0.619520798874171 1.3342169830572627e-010 -1 1.6905549767841646e-010 0.619520798874171 2.1536274253937544e-010 0.78498024163816327 1
2 0 -16.534898316829999 0 0 -1 0 -0.61952079887428124 -0 -0.78498024163807623 0.78498024163807623 0 -0.61952079887428124 101.5774113727
2 -53.92991257792 -16.5 -87.255744150799998 0.8506381778783576 1.7347234759768071e-018 -0.5257515481059355 0.52543127446854421 -0.034899496681618646 0.85011999208448874 -0.018348464408478961 -0.99939082701982496 -0.02968684426612387 1
Polygon3D 0
PolygonOnTriangulations 0
Surfaces 1
7 0 -16.5 0 0 1 0 
8 -4.4408920985006262e-015 2.3572440311478893
2 -53.57669859294495 -16.5 -87.47306857461264 -0.85275682867500846 0 0.52230813812168597 -0.20852093113945755 -0.91685093203897017 -0.340445868965986 0.47887870324840709 -0.39922971885779213 0.78185089317327805 1
Triangulations 0

TShapes 12
Ve
2.12285160643675e-005
-53.96247573121 -17.50000040708 -87.23560953504
0 0

0101101
*
Ve
2.96966746185965e-005
-53.9118087511079 -17.4994073995941 -87.2264646350117
0 0

0101101
*
Ed
 2.1226393425025e-005 1 1 0
1  1 0 0 1
2  1 1 0 0 1
0

0101000
-12 0 +11 0 *
Ve
1.00111553561957e-007
-63.5484624701756 -17.5 -80.5207630094536
0 0

0101101
*
Ed
 1e-007 1 1 0
1  2 0 0 0.114160475232756
2  2 1 0 0 0.114160475232756
0

0101000
+12 0 -9 0 *
Ve
1.23112336412396e-006
-62.9293190422769 -16.5348983667928 -79.7362609256819
0 0

0101101
*
Ed
 1e-007 1 1 0
1  3 0 5.11683614344169e-015 1.53588974113753
2  3 1 0 5.11683614344169e-015 1.53588974113753
0

0101000
+9 0 -7 0 *
Ve
1.9664465305409e-005
-53.4044813034515 -16.5348994966817 -86.4056241587155
0 0

0101101
*
Ed
 1.18100702877547e-006 1 1 0
1  4 0 0 0.114533710358657
2  4 1 0 0 0.114533710358657
0

0101000
+7 0 -5 0 *
Ed
 1.96624990555035e-005 1 1 0
1  5 0 4.2568358699431e-014 1.50145055673739
2  5 1 0 4.2568358699431e-014 1.50145055673739
0

0101000
+5 0 -11 0 *
Wi

0101100
+10 0 +8 0 +6 0 +4 0 +3 0 *
Fa
0  1e-007 1 0

0111000
+2 0 *

+1 0 
0

