DBRep_DrawableShape

CASCADE Topology V1, (c) Matra-Datavision
Locations 0
Curve2ds 2
8 -392.79378555015489 74.931591473394448
1 1.5961855575640844 -148.28147798526666 -0.00056689787747188076 -0.99999983931338543 
8 -392.79378555015489 74.931591473394448
1 148.28054928421329 5.838385330747542e-014 -1 2.74574200181954e-016 
Curves 12
1 523.92716202089082 0.052097426451549557 0.18730040875448806 -0.25936656947015746 0.94835675792064333 0.18261555888677225 
1 451.7064192206899 8.3118589853938332 1.7532920126952483 0.99999978015262347 0.00049158850310421719 0.00044501173961136075 
1 78.778273916034976 9.5118899545023545 1.853846533832672 -0.70670576842129018 -0.69468607669349347 -0.1340828539682658 
1 68.927262051447144 -0.1715753424612729 -0.015179932768604715 -0.70670576842129051 -0.69468607669349314 -0.13408285396826572 
2 63.934106213000561 -12.027132410013687 -2.3009707170814586 -0.00034397898092644298 -0.18917698951017856 0.98194294555148487 -0.70750748304066335 0.6939908655652951 0.1334535123306923 -0.70670576842129029 -0.69468607669349358 -0.1340828539682658 5
1 58.934107312237444 -12.029590352529215 -2.3031957757795145 0.00056689784393464387 -0.9819428827485891 -0.1891767788240015 
2 63.935766618343045 -14.903176526205637 -2.8550566738266823 -0.00034397898092644298 -0.18917698951017856 0.98194294555148487 -0.99999978015262347 -0.00049158850310462127 -0.00044501173961109983 0.00056689784393411239 -0.9819428827485891 -0.18917677882400138 5
1 63.938601107562718 -19.812890939948581 -3.800940567946689 0.99999978015262347 0.00049158850310510743 0.00044501173961119562 
2 521.61515792301873 -14.678186549868657 -2.6513839269410764 -0.00034397898092644298 -0.18917698951017856 0.98194294555148487 0.00056689784391892337 -0.9819428827485891 -0.18917677882400138 0.99999978015262347 0.00049158850308970656 0.00044501173960822643 5
1 526.61515682378172 -14.675728607353129 -2.6491588682430205 -0.00056689784391371074 0.9819428827485891 0.18917677882400138 
2 521.61269660138407 -10.414848301135802 -1.8300280099096593 -0.00034397898092644298 -0.18917698951017856 0.98194294555148487 0.99999978015262347 0.00049158850310424289 0.00044501173961102692 -0.00056689784393372706 0.9819428827485891 0.18917677882400138 5
1 526.44159105125505 -9.1417465146894923 -1.5830660019942047 -0.25936656947015951 0.94835675792064278 0.18261555888677214 
Polygon3D 0
PolygonOnTriangulations 0
Surfaces 2
1 303.42495000786988 9.8888713337172174 2.0051689073015204 0.00034397898092677578 0.18917698951017833 -0.98194294555148498 0 -0.98194300364399068 -0.18917700070203566 -0.99999994083922872 6.5072911916270174e-005 -0.00033776775372163718 
1 599.98693590581343 8.3847519986559487 1.8192785978826467 -0.00056689784393376512 0.9819428827485891 0.18917677882400152 -0.99999978015262347 -0.00049158850310426913 -0.00044501173961109111 -0.00034397898092650104 -0.18917698951017875 0.98194294555148498 
Triangulations 0

TShapes 26
Ve
1e-007
523.927162020891 0.0520974264515496 0.187300408754488
0 0

0101101
*
Ve
2.00001e-007
521.658790919881 8.34624677464611 1.78442164615874
0 0

0101101
*
Ed
 1e-007 1 1 0
1  1 0 0 8.74581140369603
0

0101000
+26 0 -25 0 *
Ve
2.00001e-007
77.3702762584022 8.127839600761 1.58670799789321
0 0

0101101
*
Ed
 1e-007 1 1 0
1  2 0 -374.336225259125 69.9523870780401
2  1 1 0 -374.336225259125 69.9523870780401
2  2 2 0 -374.336225259125 69.9523870780401
0

0101000
+23 0 -25 0 *
Ve
1e-007
68.9272620514471 -0.171575342461273 -0.0151799327686047
0 0

0101101
*
Ed
 1e-007 1 1 0
1  3 0 1.99233927406324 13.9393398282202
0

0101000
+23 0 -21 0 *
Ve
1.0000000089509e-007
60.3965687977972 -8.55717808218721 -1.633703155428
0 0

0101101
*
Ed
 1e-007 1 1 0
1  4 0 0 12.0710678118655
0

0101000
+21 0 -19 0 *
Ve
1.00000000222045e-007
58.9341073122374 -12.0295903525292 -2.30319577577952
0 0

0101101
*
Ed
 1e-007 1 1 0
1  5 0 0 0.785398163397448
0

0101000
+19 0 -17 0 *
Ve
1e-007
58.9357677175799 -14.9056344687212 -2.85728173252474
0 0

0101101
*
Ed
 1e-007 1 1 0
1  6 0 0 2.92893218813452
0

0101000
+17 0 -15 0 *
Ve
1.00000001790181e-007
63.9386011075627 -19.8128909399486 -3.80094056794669
0 0

0101101
*
Ed
 1e-007 1 1 0
1  7 0 0 1.5707963267949
0

0101000
+15 0 -13 0 *
Ve
1.00000000222045e-007
521.617992412238 -19.5879009636116 -3.59726782106108
0 0

0101101
*
Ed
 1e-007 1 1 0
1  8 0 0 457.679491924311
0

0101000
+13 0 -11 0 *
Ve
1.00000056850791e-007
526.615156823782 -14.6757286073531 -2.64915886824302
0 0

0101101
*
Ed
 1e-007 1 1 0
1  9 0 0 1.57079632679491
0

0101000
+11 0 -9 0 *
Ve
1.00000056843853e-007
526.612695502147 -10.4123903586203 -1.8278029512116
0 0

0101101
*
Ed
 1e-007 1 1 0
1  10 0 0 4.34173751206302
0

0101000
+9 0 -7 0 *
Ve
1.0000005864847e-007
526.441591051255 -9.14174651468951 -1.58306600199421
0 0

0101101
*
Ed
 1e-007 1 1 0
1  11 0 0 0.261799387799144
0

0101000
+7 0 -5 0 *
Ed
 1e-007 1 1 0
1  12 0 0 9.69449931616385
0

0101000
+5 0 -26 0 *
Wi

0101000
-24 0 +22 0 -20 0 -18 0 -16 0 -14 0 -12 0 -10 0 -8 0 -6 0 
-4 0 -3 0 *
Fa
0  1e-007 1 0

0111000
+2 0 *

+1 0 