DBRep_DrawableShape

CASCADE Topology V1, (c) Matra-Datavision
Locations 0
Curve2ds 2
8 1.5707963267907139 1.8581739874720347
7 0 0  8 9 2  5.4010248099500862 0.38573680089833973  5.436947018285248 0.37803918482658522  5.4728692256214142 0.3703415689688998  5.508791432939022 0.36265908917756928  5.5447136403040176 0.35500688150757276  5.5806358476102993 0.34740001953733568  5.6165580549623622 0.33985345181048149  5.6524802622962378 0.33238194025382434  5.6884024706313996 0.32499999999987317 
 1.5707963267907139 9 1.8581739874720347 9
8 5.6884024706314698 6.2831853071795862
1 6.2831853071795862 0.32499999999999929 1 0 
Curves 2
3 23.500736800897446 5.8049369574871541 6.379999999994812 0.94174191159484044 0.3363363969981481 0 0.3363363969981481 -0.94174191159484033 0 0 0 -1 0.63711723202245041 0.59999999999483933
2 23.440000000000001 5.8049369574871532 6.379999999994812 1 1.5987211554602254e-014 0 -1.2343944143650671e-014 0.77211364230038027 -0.6354844792547184 -1.0159624809511431e-014 0.6354844792547184 0.77211364230038027 0.59999999999483933
Polygon3D 2
14 1
5e-005
23.5007368008983 5.80493695748464 5.77999999999997 23.4952045822854 5.82042716960085 5.78019998888904 23.4902286336565 5.83435982576177 5.78072185521035 23.485258696978 5.84827564846165 5.7815672486698 23.4802975113673 5.86216696817162 5.78273563150221 23.4753479021887 5.87602587387165 5.78422624598992 23.4704126846747 5.88984448291079 5.78603812232905 23.4654946614084 5.90361494805639 5.78817008002538 23.4605966198366 5.91732946445744 5.79062072960032 23.4557213298198 5.93098027650465 5.793388474601 23.4508715412247 5.94455968457089 5.79647151390737 23.4460499815659 5.95806005161539 5.79986784432819 23.4430187895824 5.96654738916926 5.80217470774349 23.4399999999999 5.97500000000037 5.80460573380427 
1.57079632679071 1.59661621576554 1.61985411584289 1.64309043541315 1.6663249059981 1.68955682474965 1.71278549391319 1.73601022223204 1.75923032634066 1.78244513214429 1.80565397618236 1.82885620697328 1.84351509722266 1.85817398747203 
24 1
5e-005
23.44 5.9750000000004 5.80460573380428 23.44 5.98982124695888 5.80919548047842 23.44 6.00451886018247 5.81416692910701 23.44 6.01908301124918 5.81951675523904 23.44 6.03350396098432 5.82524138139918 23.44 6.04777206597319 5.83133697948005 23.44 6.06187778500969 5.83779947330211 23.44 6.07581168547663 5.84462454133946 23.44 6.08956444965339 5.85180761960963 23.44 6.10312688094676 5.85934390472562 23.44 6.11648991004079 5.86722835710793 23.44 6.12964460096154 5.87545570435456 23.44 6.14258215705258 5.88402044476674 23.44 6.15529392685746 5.89291685102796 23.44 6.16777140990498 5.90213897403385 23.44 6.18000626239354 5.91168064687042 23.44 6.19199030277069 5.92153548893793 23.44 6.20371551720426 5.93169691021764 23.44 6.2151740649412 5.94215811567863 23.44 6.22635828355084 5.95291210982169 23.44 6.23726069404876 5.96395170135724 23.44 6.24787400589809 5.97526950801426 23.44 6.25819112188474 5.98685796147686 23.44 6.2682051428634 5.99870931244526 
5.68840247063147 5.71426259395965 5.74012271728783 5.76598284061601 5.79184296394418 5.81770308727236 5.84356321060054 5.86942333392872 5.8952834572569 5.92114358058508 5.94700370391326 5.97286382724143 5.99872395056961 6.02458407389779 6.05044419722597 6.07630432055415 6.10216444388233 6.12802456721051 6.15388469053868 6.17974481386686 6.20560493719504 6.23146506052322 6.2573251838514 6.28318530717959 
PolygonOnTriangulations 0
Surfaces 1
10 5.4010248099500835 6.2831853071795862 0 0.44999999999999929
2 23.115000000000002 5.8049369574871479 6.379999999994812 1 1.5987211554602254e-014 0 -1.2343944143650671e-014 0.77211364230038027 -0.6354844792547184 -1.0159624809511431e-014 0.6354844792547184 0.77211364230038027 0.59999999999483933
Triangulations 0

TShapes 6
Ve
0.000200000001
23.5007368008983 5.80493695748464 5.77999999999997
0 0

0101101
*
Ve
0.000200020001002765
23.44 5.975 5.80460573380566
0 0

0101101
*
Ed
 1e-007 1 1 0
1  1 0 1.57079632679071 1.85817398747203
2  1 1 0 1.57079632679071 1.85817398747203
4 CN 1 0 1 0
5  1 0
0

0101000
+6 0 -5 0 *
Ve
0.000200000001
23.44 6.26820514286347 5.99870931244531
0 0

0101101
*
Ed
 1e-007 1 1 0
1  2 0 5.68840247063147 6.28318530717959
4 CN 1 0 1 0
5  2 0
2  2 1 0 5.68840247063147 6.28318530717959
0

0101000
+5 0 -3 0 *
Wi

1101000
+4 0 +2 0 *

+1 0 