DBRep_DrawableShape

CASCADE Topology V1, (c) Matra-Datavision
Locations 226
1
              1               0               0               0 
              0               1               0               0 
              0               0               1               0 
1
              1               0               0               0 
              0               1               0               0 
              0               0               1               0 
1
              1               0               0               0 
              0               1               0               0 
              0               0               1               0 
1
              1               0               0               0 
              0               1               0               0 
              0               0               1               0 
1
0.866025403784439            -0.5               0               0 
            0.5 0.866025403784439               0               0 
              0               0               1               0 
1
              1               0               0              15 
              0               1               0              20 
              0               0               1               3 
2  5 1 6 1 0
1
0.866025403784439            -0.5               0               0 
            0.5 0.866025403784439               0               0 
              0               0               1               0 
1
              1               0               0              15 
              0               1               0              20 
              0               0               1               3 
2  5 1 6 1 8 1 9 1 0
1
0.866025403784439            -0.5               0               0 
            0.5 0.866025403784439               0               0 
              0               0               1               0 
1
              1               0               0              15 
              0               1               0              20 
              0               0               1               3 
2  5 1 6 1 8 1 9 1 11 1 12 1 0
1
0.866025403784439            -0.5               0               0 
            0.5 0.866025403784439               0               0 
              0               0               1               0 
1
              1               0               0              15 
              0               1               0              20 
              0               0               1               3 
2  5 1 6 1 8 1 9 1 11 1 12 1 14 1 15 1 0
1
0.866025403784439            -0.5               0               0 
            0.5 0.866025403784439               0               0 
              0               0               1               0 
1
              1               0               0              15 
              0               1               0              20 
              0               0               1               3 
2  5 1 6 1 8 1 9 1 11 1 12 1 14 1 15 1 17 1 18 1 0
1
0.866025403784439            -0.5               0               0 
            0.5 0.866025403784439               0               0 
              0               0               1               0 
1
              1               0               0              15 
              0               1               0              20 
              0               0               1               3 
2  5 1 6 1 8 1 9 1 11 1 12 1 14 1 15 1 17 1 18 1 20 1 21 1 0
1
0.866025403784439            -0.5               0               0 
            0.5 0.866025403784439               0               0 
              0               0               1               0 
1
              1               0               0              15 
              0               1               0              20 
              0               0               1               3 
2  5 1 6 1 8 1 9 1 11 1 12 1 14 1 15 1 17 1 18 1 20 1 21 1 23 1 24 1 0
1
0.866025403784439            -0.5               0               0 
            0.5 0.866025403784439               0               0 
              0               0               1               0 
1
              1               0               0              15 
              0               1               0              20 
              0               0               1               3 
2  5 1 6 1 8 1 9 1 11 1 12 1 14 1 15 1 17 1 18 1 20 1 21 1 23 1 24 1 26 1 27 1 0
1
0.866025403784439            -0.5               0               0 
            0.5 0.866025403784439               0               0 
              0               0               1               0 
1
              1               0               0              15 
              0               1               0              20 
              0               0               1               3 
2  5 1 6 1 8 1 9 1 11 1 12 1 14 1 15 1 17 1 18 1 20 1 21 1 23 1 24 1 26 1 27 1 29 1 30 1 0
1
0.866025403784439            -0.5               0               0 
            0.5 0.866025403784439               0               0 
              0               0               1               0 
1
              1               0               0              15 
              0               1               0              20 
              0               0               1               3 
2  5 1 6 1 8 1 9 1 11 1 12 1 14 1 15 1 17 1 18 1 20 1 21 1 23 1 24 1 26 1 27 1 29 1 30 1 32 1 33 1 0
1
0.866025403784439            -0.5               0               0 
            0.5 0.866025403784439               0               0 
              0               0               1               0 
1
              1               0               0              15 
              0               1               0              20 
              0               0               1               3 
2  5 1 6 1 8 1 9 1 11 1 12 1 14 1 15 1 17 1 18 1 20 1 21 1 23 1 24 1 26 1 27 1 29 1 30 1 32 1 33 1 35 1 36 1 0
1
0.992403876506104 0.00759612349389599 0.122787803968973 0.759612349389599 
0.00759612349389599 0.992403876506104 -0.122787803968973 -0.759612349389599 
-0.122787803968973 0.122787803968973 0.984807753012208 12.2787803968973 
1
              1               0               0               0 
              0               1               0               0 
              0               0               1               0 
2  38 1 39 1 0
1
0.992403876506104 0.00759612349389599 0.122787803968973 0.759612349389599 
0.00759612349389599 0.992403876506104 -0.122787803968973 -0.759612349389599 
-0.122787803968973 0.122787803968973 0.984807753012208 12.2787803968973 
1
              1               0               0               0 
              0               1               0               0 
              0               0               1               0 
2  38 1 39 1 41 1 42 1 0
1
0.992403876506104 0.00759612349389599 0.122787803968973 0.759612349389599 
0.00759612349389599 0.992403876506104 -0.122787803968973 -0.759612349389599 
-0.122787803968973 0.122787803968973 0.984807753012208 12.2787803968973 
1
              1               0               0               0 
              0               1               0               0 
              0               0               1               0 
2  38 1 39 1 41 1 42 1 44 1 45 1 0
1
0.992403876506104 0.00759612349389599 0.122787803968973 0.759612349389599 
0.00759612349389599 0.992403876506104 -0.122787803968973 -0.759612349389599 
-0.122787803968973 0.122787803968973 0.984807753012208 12.2787803968973 
1
              1               0               0               0 
              0               1               0               0 
              0               0               1               0 
2  38 1 39 1 41 1 42 1 44 1 45 1 47 1 48 1 0
1
0.992403876506104 0.00759612349389599 0.122787803968973 0.759612349389599 
0.00759612349389599 0.992403876506104 -0.122787803968973 -0.759612349389599 
-0.122787803968973 0.122787803968973 0.984807753012208 12.2787803968973 
1
              1               0               0               0 
              0               1               0               0 
              0               0               1               0 
2  38 1 39 1 41 1 42 1 44 1 45 1 47 1 48 1 50 1 51 1 0
1
0.992403876506104 0.00759612349389599 0.122787803968973 0.759612349389599 
0.00759612349389599 0.992403876506104 -0.122787803968973 -0.759612349389599 
-0.122787803968973 0.122787803968973 0.984807753012208 12.2787803968973 
1
              1               0               0               0 
              0               1               0               0 
              0               0               1               0 
2  38 1 39 1 41 1 42 1 44 1 45 1 47 1 48 1 50 1 51 1 53 1 54 1 0
1
0.992403876506104 0.00759612349389599 0.122787803968973 0.759612349389599 
0.00759612349389599 0.992403876506104 -0.122787803968973 -0.759612349389599 
-0.122787803968973 0.122787803968973 0.984807753012208 12.2787803968973 
1
              1               0               0               0 
              0               1               0               0 
              0               0               1               0 
2  38 1 39 1 41 1 42 1 44 1 45 1 47 1 48 1 50 1 51 1 53 1 54 1 56 1 57 1 0
1
0.992403876506104 0.00759612349389599 0.122787803968973 0.759612349389599 
0.00759612349389599 0.992403876506104 -0.122787803968973 -0.759612349389599 
-0.122787803968973 0.122787803968973 0.984807753012208 12.2787803968973 
1
              1               0               0               0 
              0               1               0               0 
              0               0               1               0 
2  38 1 39 1 41 1 42 1 44 1 45 1 47 1 48 1 50 1 51 1 53 1 54 1 56 1 57 1 59 1 60 1 0
1
0.992403876506104 0.00759612349389599 0.122787803968973 0.759612349389599 
0.00759612349389599 0.992403876506104 -0.122787803968973 -0.759612349389599 
-0.122787803968973 0.122787803968973 0.984807753012208 12.2787803968973 
1
              1               0               0               0 
              0               1               0               0 
              0               0               1               0 
2  38 1 39 1 41 1 42 1 44 1 45 1 47 1 48 1 50 1 51 1 53 1 54 1 56 1 57 1 59 1 60 1 62 1 63 1 0
1
0.992403876506104 0.00759612349389599 0.122787803968973 0.759612349389599 
0.00759612349389599 0.992403876506104 -0.122787803968973 -0.759612349389599 
-0.122787803968973 0.122787803968973 0.984807753012208 12.2787803968973 
1
              1               0               0               0 
              0               1               0               0 
              0               0               1               0 
2  38 1 39 1 41 1 42 1 44 1 45 1 47 1 48 1 50 1 51 1 53 1 54 1 56 1 57 1 59 1 60 1 62 1 63 1 65 1 66 1 0
1
0.992403876506104 0.00759612349389599 0.122787803968973 0.759612349389599 
0.00759612349389599 0.992403876506104 -0.122787803968973 -0.759612349389599 
-0.122787803968973 0.122787803968973 0.984807753012208 12.2787803968973 
1
              1               0               0               0 
              0               1               0               0 
              0               0               1               0 
2  38 1 39 1 41 1 42 1 44 1 45 1 47 1 48 1 50 1 51 1 53 1 54 1 56 1 57 1 59 1 60 1 62 1 63 1 65 1 66 1 68 1 69 1 0
1
0.992403876506104 0.00759612349389599 0.122787803968973 0.759612349389599 
0.00759612349389599 0.992403876506104 -0.122787803968973 -0.759612349389599 
-0.122787803968973 0.122787803968973 0.984807753012208 12.2787803968973 
1
              1               0               0               0 
              0               1               0               0 
              0               0               1               0 
2  38 1 39 1 41 1 42 1 44 1 45 1 47 1 48 1 50 1 51 1 53 1 54 1 56 1 57 1 59 1 60 1 62 1 63 1 65 1 66 1 68 1 69 1 71 1 72 1 0
1
0.992403876506104 0.00759612349389599 0.122787803968973 0.759612349389599 
0.00759612349389599 0.992403876506104 -0.122787803968973 -0.759612349389599 
-0.122787803968973 0.122787803968973 0.984807753012208 12.2787803968973 
1
              1               0               0               0 
              0               1               0               0 
              0               0               1               0 
2  38 1 39 1 41 1 42 1 44 1 45 1 47 1 48 1 50 1 51 1 53 1 54 1 56 1 57 1 59 1 60 1 62 1 63 1 65 1 66 1 68 1 69 1 71 1 72 1 74 1 75 1 0
1
0.992403876506104 0.00759612349389599 0.122787803968973 0.759612349389599 
0.00759612349389599 0.992403876506104 -0.122787803968973 -0.759612349389599 
-0.122787803968973 0.122787803968973 0.984807753012208 12.2787803968973 
1
              1               0               0               0 
              0               1               0               0 
              0               0               1               0 
2  38 1 39 1 41 1 42 1 44 1 45 1 47 1 48 1 50 1 51 1 53 1 54 1 56 1 57 1 59 1 60 1 62 1 63 1 65 1 66 1 68 1 69 1 71 1 72 1 74 1 75 1 77 1 78 1 0
1
0.992403876506104 0.00759612349389599 0.122787803968973 0.759612349389599 
0.00759612349389599 0.992403876506104 -0.122787803968973 -0.759612349389599 
-0.122787803968973 0.122787803968973 0.984807753012208 12.2787803968973 
1
              1               0               0               0 
              0               1               0               0 
              0               0               1               0 
2  38 1 39 1 41 1 42 1 44 1 45 1 47 1 48 1 50 1 51 1 53 1 54 1 56 1 57 1 59 1 60 1 62 1 63 1 65 1 66 1 68 1 69 1 71 1 72 1 74 1 75 1 77 1 78 1 80 1 81 1 0
1
0.992403876506104 0.00759612349389599 0.122787803968973 0.759612349389599 
0.00759612349389599 0.992403876506104 -0.122787803968973 -0.759612349389599 
-0.122787803968973 0.122787803968973 0.984807753012208 12.2787803968973 
1
              1               0               0               0 
              0               1               0               0 
              0               0               1               0 
2  38 1 39 1 41 1 42 1 44 1 45 1 47 1 48 1 50 1 51 1 53 1 54 1 56 1 57 1 59 1 60 1 62 1 63 1 65 1 66 1 68 1 69 1 71 1 72 1 74 1 75 1 77 1 78 1 80 1 81 1 83 1 84 1 0
1
0.992403876506104 0.00759612349389599 0.122787803968973 0.759612349389599 
0.00759612349389599 0.992403876506104 -0.122787803968973 -0.759612349389599 
-0.122787803968973 0.122787803968973 0.984807753012208 12.2787803968973 
1
              1               0               0               0 
              0               1               0               0 
              0               0               1               0 
2  38 1 39 1 41 1 42 1 44 1 45 1 47 1 48 1 50 1 51 1 53 1 54 1 56 1 57 1 59 1 60 1 62 1 63 1 65 1 66 1 68 1 69 1 71 1 72 1 74 1 75 1 77 1 78 1 80 1 81 1 83 1 84 1 86 1 87 1 0
1
0.992403876506104 0.00759612349389599 0.122787803968973 0.759612349389599 
0.00759612349389599 0.992403876506104 -0.122787803968973 -0.759612349389599 
-0.122787803968973 0.122787803968973 0.984807753012208 12.2787803968973 
1
              1               0               0               0 
              0               1               0               0 
              0               0               1               0 
2  38 1 39 1 41 1 42 1 44 1 45 1 47 1 48 1 50 1 51 1 53 1 54 1 56 1 57 1 59 1 60 1 62 1 63 1 65 1 66 1 68 1 69 1 71 1 72 1 74 1 75 1 77 1 78 1 80 1 81 1 83 1 84 1 86 1 87 1 89 1 90 1 0
1
0.992403876506104 0.00759612349389599 0.122787803968973 0.759612349389599 
0.00759612349389599 0.992403876506104 -0.122787803968973 -0.759612349389599 
-0.122787803968973 0.122787803968973 0.984807753012208 12.2787803968973 
1
              1               0               0               0 
              0               1               0               0 
              0               0               1               0 
2  38 1 39 1 41 1 42 1 44 1 45 1 47 1 48 1 50 1 51 1 53 1 54 1 56 1 57 1 59 1 60 1 62 1 63 1 65 1 66 1 68 1 69 1 71 1 72 1 74 1 75 1 77 1 78 1 80 1 81 1 83 1 84 1 86 1 87 1 89 1 90 1 92 1 93 1 0
1
0.992403876506104 0.00759612349389599 0.122787803968973 0.759612349389599 
0.00759612349389599 0.992403876506104 -0.122787803968973 -0.759612349389599 
-0.122787803968973 0.122787803968973 0.984807753012208 12.2787803968973 
1
              1               0               0               0 
              0               1               0               0 
              0               0               1               0 
2  38 1 39 1 41 1 42 1 44 1 45 1 47 1 48 1 50 1 51 1 53 1 54 1 56 1 57 1 59 1 60 1 62 1 63 1 65 1 66 1 68 1 69 1 71 1 72 1 74 1 75 1 77 1 78 1 80 1 81 1 83 1 84 1 86 1 87 1 89 1 90 1 92 1 93 1 95 1 96 1 0
1
0.992403876506104 0.00759612349389599 0.122787803968973 0.759612349389599 
0.00759612349389599 0.992403876506104 -0.122787803968973 -0.759612349389599 
-0.122787803968973 0.122787803968973 0.984807753012208 12.2787803968973 
1
              1               0               0               0 
              0               1               0               0 
              0               0               1               0 
2  38 1 39 1 41 1 42 1 44 1 45 1 47 1 48 1 50 1 51 1 53 1 54 1 56 1 57 1 59 1 60 1 62 1 63 1 65 1 66 1 68 1 69 1 71 1 72 1 74 1 75 1 77 1 78 1 80 1 81 1 83 1 84 1 86 1 87 1 89 1 90 1 92 1 93 1 95 1 96 1 98 1 99 1 0
1
0.992403876506104 0.00759612349389599 0.122787803968973 0.759612349389599 
0.00759612349389599 0.992403876506104 -0.122787803968973 -0.759612349389599 
-0.122787803968973 0.122787803968973 0.984807753012208 12.2787803968973 
1
              1               0               0               0 
              0               1               0               0 
              0               0               1               0 
2  38 1 39 1 41 1 42 1 44 1 45 1 47 1 48 1 50 1 51 1 53 1 54 1 56 1 57 1 59 1 60 1 62 1 63 1 65 1 66 1 68 1 69 1 71 1 72 1 74 1 75 1 77 1 78 1 80 1 81 1 83 1 84 1 86 1 87 1 89 1 90 1 92 1 93 1 95 1 96 1 98 1 99 1 101 1 102 1 0
1
0.992403876506104 0.00759612349389599 0.122787803968973 0.759612349389599 
0.00759612349389599 0.992403876506104 -0.122787803968973 -0.759612349389599 
-0.122787803968973 0.122787803968973 0.984807753012208 12.2787803968973 
1
              1               0               0               0 
              0               1               0               0 
              0               0               1               0 
2  38 1 39 1 41 1 42 1 44 1 45 1 47 1 48 1 50 1 51 1 53 1 54 1 56 1 57 1 59 1 60 1 62 1 63 1 65 1 66 1 68 1 69 1 71 1 72 1 74 1 75 1 77 1 78 1 80 1 81 1 83 1 84 1 86 1 87 1 89 1 90 1 92 1 93 1 95 1 96 1 98 1 99 1 101 1 102 1 104 1 105 1 0
1
0.992403876506104 0.00759612349389599 0.122787803968973 0.759612349389599 
0.00759612349389599 0.992403876506104 -0.122787803968973 -0.759612349389599 
-0.122787803968973 0.122787803968973 0.984807753012208 12.2787803968973 
1
              1               0               0               0 
              0               1               0               0 
              0               0               1               0 
2  38 1 39 1 41 1 42 1 44 1 45 1 47 1 48 1 50 1 51 1 53 1 54 1 56 1 57 1 59 1 60 1 62 1 63 1 65 1 66 1 68 1 69 1 71 1 72 1 74 1 75 1 77 1 78 1 80 1 81 1 83 1 84 1 86 1 87 1 89 1 90 1 92 1 93 1 95 1 96 1 98 1 99 1 101 1 102 1 104 1 105 1 107 1 108 1 0
1
0.992403876506104 0.00759612349389599 0.122787803968973 0.759612349389599 
0.00759612349389599 0.992403876506104 -0.122787803968973 -0.759612349389599 
-0.122787803968973 0.122787803968973 0.984807753012208 12.2787803968973 
1
              1               0               0               0 
              0               1               0               0 
              0               0               1               0 
2  38 1 39 1 41 1 42 1 44 1 45 1 47 1 48 1 50 1 51 1 53 1 54 1 56 1 57 1 59 1 60 1 62 1 63 1 65 1 66 1 68 1 69 1 71 1 72 1 74 1 75 1 77 1 78 1 80 1 81 1 83 1 84 1 86 1 87 1 89 1 90 1 92 1 93 1 95 1 96 1 98 1 99 1 101 1 102 1 104 1 105 1 107 1 108 1 110 1 111 1 0
1
0.992403876506104 0.00759612349389599 0.122787803968973 0.759612349389599 
0.00759612349389599 0.992403876506104 -0.122787803968973 -0.759612349389599 
-0.122787803968973 0.122787803968973 0.984807753012208 12.2787803968973 
1
              1               0               0               0 
              0               1               0               0 
              0               0               1               0 
2  38 1 39 1 41 1 42 1 44 1 45 1 47 1 48 1 50 1 51 1 53 1 54 1 56 1 57 1 59 1 60 1 62 1 63 1 65 1 66 1 68 1 69 1 71 1 72 1 74 1 75 1 77 1 78 1 80 1 81 1 83 1 84 1 86 1 87 1 89 1 90 1 92 1 93 1 95 1 96 1 98 1 99 1 101 1 102 1 104 1 105 1 107 1 108 1 110 1 111 1 113 1 114 1 0
1
0.992403876506104 0.00759612349389599 0.122787803968973 0.759612349389599 
0.00759612349389599 0.992403876506104 -0.122787803968973 -0.759612349389599 
-0.122787803968973 0.122787803968973 0.984807753012208 12.2787803968973 
1
              1               0               0               0 
              0               1               0               0 
              0               0               1               0 
2  38 1 39 1 41 1 42 1 44 1 45 1 47 1 48 1 50 1 51 1 53 1 54 1 56 1 57 1 59 1 60 1 62 1 63 1 65 1 66 1 68 1 69 1 71 1 72 1 74 1 75 1 77 1 78 1 80 1 81 1 83 1 84 1 86 1 87 1 89 1 90 1 92 1 93 1 95 1 96 1 98 1 99 1 101 1 102 1 104 1 105 1 107 1 108 1 110 1 111 1 113 1 114 1 116 1 117 1 0
1
0.992403876506104 0.00759612349389599 0.122787803968973 0.759612349389599 
0.00759612349389599 0.992403876506104 -0.122787803968973 -0.759612349389599 
-0.122787803968973 0.122787803968973 0.984807753012208 12.2787803968973 
1
              1               0               0               0 
              0               1               0               0 
              0               0               1               0 
2  38 1 39 1 41 1 42 1 44 1 45 1 47 1 48 1 50 1 51 1 53 1 54 1 56 1 57 1 59 1 60 1 62 1 63 1 65 1 66 1 68 1 69 1 71 1 72 1 74 1 75 1 77 1 78 1 80 1 81 1 83 1 84 1 86 1 87 1 89 1 90 1 92 1 93 1 95 1 96 1 98 1 99 1 101 1 102 1 104 1 105 1 107 1 108 1 110 1 111 1 113 1 114 1 116 1 117 1 119 1 120 1 0
1
0.992403876506104 0.00759612349389599 0.122787803968973 0.759612349389599 
0.00759612349389599 0.992403876506104 -0.122787803968973 -0.759612349389599 
-0.122787803968973 0.122787803968973 0.984807753012208 12.2787803968973 
1
              1               0               0               0 
              0               1               0               0 
              0               0               1               0 
2  38 1 39 1 41 1 42 1 44 1 45 1 47 1 48 1 50 1 51 1 53 1 54 1 56 1 57 1 59 1 60 1 62 1 63 1 65 1 66 1 68 1 69 1 71 1 72 1 74 1 75 1 77 1 78 1 80 1 81 1 83 1 84 1 86 1 87 1 89 1 90 1 92 1 93 1 95 1 96 1 98 1 99 1 101 1 102 1 104 1 105 1 107 1 108 1 110 1 111 1 113 1 114 1 116 1 117 1 119 1 120 1 122 1 123 1 0
1
0.992403876506104 0.00759612349389599 0.122787803968973 0.759612349389599 
0.00759612349389599 0.992403876506104 -0.122787803968973 -0.759612349389599 
-0.122787803968973 0.122787803968973 0.984807753012208 12.2787803968973 
1
              1               0               0               0 
              0               1               0               0 
              0               0               1               0 
2  38 1 39 1 41 1 42 1 44 1 45 1 47 1 48 1 50 1 51 1 53 1 54 1 56 1 57 1 59 1 60 1 62 1 63 1 65 1 66 1 68 1 69 1 71 1 72 1 74 1 75 1 77 1 78 1 80 1 81 1 83 1 84 1 86 1 87 1 89 1 90 1 92 1 93 1 95 1 96 1 98 1 99 1 101 1 102 1 104 1 105 1 107 1 108 1 110 1 111 1 113 1 114 1 116 1 117 1 119 1 120 1 122 1 123 1 125 1 126 1 0
1
0.992403876506104 0.00759612349389599 0.122787803968973 0.759612349389599 
0.00759612349389599 0.992403876506104 -0.122787803968973 -0.759612349389599 
-0.122787803968973 0.122787803968973 0.984807753012208 12.2787803968973 
1
              1               0               0               0 
              0               1               0               0 
              0               0               1               0 
2  38 1 39 1 41 1 42 1 44 1 45 1 47 1 48 1 50 1 51 1 53 1 54 1 56 1 57 1 59 1 60 1 62 1 63 1 65 1 66 1 68 1 69 1 71 1 72 1 74 1 75 1 77 1 78 1 80 1 81 1 83 1 84 1 86 1 87 1 89 1 90 1 92 1 93 1 95 1 96 1 98 1 99 1 101 1 102 1 104 1 105 1 107 1 108 1 110 1 111 1 113 1 114 1 116 1 117 1 119 1 120 1 122 1 123 1 125 1 126 1 128 1 129 1 0
1
0.992403876506104 0.00759612349389599 0.122787803968973 0.759612349389599 
0.00759612349389599 0.992403876506104 -0.122787803968973 -0.759612349389599 
-0.122787803968973 0.122787803968973 0.984807753012208 12.2787803968973 
1
              1               0               0               0 
              0               1               0               0 
              0               0               1               0 
2  38 1 39 1 41 1 42 1 44 1 45 1 47 1 48 1 50 1 51 1 53 1 54 1 56 1 57 1 59 1 60 1 62 1 63 1 65 1 66 1 68 1 69 1 71 1 72 1 74 1 75 1 77 1 78 1 80 1 81 1 83 1 84 1 86 1 87 1 89 1 90 1 92 1 93 1 95 1 96 1 98 1 99 1 101 1 102 1 104 1 105 1 107 1 108 1 110 1 111 1 113 1 114 1 116 1 117 1 119 1 120 1 122 1 123 1 125 1 126 1 128 1 129 1 131 1 132 1 0
1
0.992403876506104 0.00759612349389599 0.122787803968973 0.759612349389599 
0.00759612349389599 0.992403876506104 -0.122787803968973 -0.759612349389599 
-0.122787803968973 0.122787803968973 0.984807753012208 12.2787803968973 
1
              1               0               0               0 
              0               1               0               0 
              0               0               1               0 
2  38 1 39 1 41 1 42 1 44 1 45 1 47 1 48 1 50 1 51 1 53 1 54 1 56 1 57 1 59 1 60 1 62 1 63 1 65 1 66 1 68 1 69 1 71 1 72 1 74 1 75 1 77 1 78 1 80 1 81 1 83 1 84 1 86 1 87 1 89 1 90 1 92 1 93 1 95 1 96 1 98 1 99 1 101 1 102 1 104 1 105 1 107 1 108 1 110 1 111 1 113 1 114 1 116 1 117 1 119 1 120 1 122 1 123 1 125 1 126 1 128 1 129 1 131 1 132 1 134 1 135 1 0
1
0.992403876506104 0.00759612349389599 0.122787803968973 0.759612349389599 
0.00759612349389599 0.992403876506104 -0.122787803968973 -0.759612349389599 
-0.122787803968973 0.122787803968973 0.984807753012208 12.2787803968973 
1
              1               0               0               0 
              0               1               0               0 
              0               0               1               0 
2  38 1 39 1 41 1 42 1 44 1 45 1 47 1 48 1 50 1 51 1 53 1 54 1 56 1 57 1 59 1 60 1 62 1 63 1 65 1 66 1 68 1 69 1 71 1 72 1 74 1 75 1 77 1 78 1 80 1 81 1 83 1 84 1 86 1 87 1 89 1 90 1 92 1 93 1 95 1 96 1 98 1 99 1 101 1 102 1 104 1 105 1 107 1 108 1 110 1 111 1 113 1 114 1 116 1 117 1 119 1 120 1 122 1 123 1 125 1 126 1 128 1 129 1 131 1 132 1 134 1 135 1 137 1 138 1 0
1
0.992403876506104 0.00759612349389599 0.122787803968973 0.759612349389599 
0.00759612349389599 0.992403876506104 -0.122787803968973 -0.759612349389599 
-0.122787803968973 0.122787803968973 0.984807753012208 12.2787803968973 
1
              1               0               0               0 
              0               1               0               0 
              0               0               1               0 
2  38 1 39 1 41 1 42 1 44 1 45 1 47 1 48 1 50 1 51 1 53 1 54 1 56 1 57 1 59 1 60 1 62 1 63 1 65 1 66 1 68 1 69 1 71 1 72 1 74 1 75 1 77 1 78 1 80 1 81 1 83 1 84 1 86 1 87 1 89 1 90 1 92 1 93 1 95 1 96 1 98 1 99 1 101 1 102 1 104 1 105 1 107 1 108 1 110 1 111 1 113 1 114 1 116 1 117 1 119 1 120 1 122 1 123 1 125 1 126 1 128 1 129 1 131 1 132 1 134 1 135 1 137 1 138 1 140 1 141 1 0
1
0.969846310392954 -0.0301536896070458 -0.241844762647975 15.0768448035229 
-0.0301536896070458 0.969846310392954 -0.241844762647975 15.0768448035229 
0.241844762647975 0.241844762647975 0.939692620785908 -120.922381323988 
1
              1               0               0             100 
              0               1               0             100 
              0               0               1              20 
2  143 1 144 1 0
1
0.969846310392954 -0.0301536896070458 -0.241844762647975 15.0768448035229 
-0.0301536896070458 0.969846310392954 -0.241844762647975 15.0768448035229 
0.241844762647975 0.241844762647975 0.939692620785908 -120.922381323988 
1
              1               0               0             100 
              0               1               0             100 
              0               0               1              20 
2  143 1 144 1 146 1 147 1 0
1
0.969846310392954 -0.0301536896070458 -0.241844762647975 15.0768448035229 
-0.0301536896070458 0.969846310392954 -0.241844762647975 15.0768448035229 
0.241844762647975 0.241844762647975 0.939692620785908 -120.922381323988 
1
              1               0               0             100 
              0               1               0             100 
              0               0               1              20 
2  143 1 144 1 146 1 147 1 149 1 150 1 0
1
0.969846310392954 -0.0301536896070458 -0.241844762647975 15.0768448035229 
-0.0301536896070458 0.969846310392954 -0.241844762647975 15.0768448035229 
0.241844762647975 0.241844762647975 0.939692620785908 -120.922381323988 
1
              1               0               0             100 
              0               1               0             100 
              0               0               1              20 
2  143 1 144 1 146 1 147 1 149 1 150 1 152 1 153 1 0
1
0.969846310392954 -0.0301536896070458 -0.241844762647975 15.0768448035229 
-0.0301536896070458 0.969846310392954 -0.241844762647975 15.0768448035229 
0.241844762647975 0.241844762647975 0.939692620785908 -120.922381323988 
1
              1               0               0             100 
              0               1               0             100 
              0               0               1              20 
2  143 1 144 1 146 1 147 1 149 1 150 1 152 1 153 1 155 1 156 1 0
1
0.969846310392954 -0.0301536896070458 -0.241844762647975 15.0768448035229 
-0.0301536896070458 0.969846310392954 -0.241844762647975 15.0768448035229 
0.241844762647975 0.241844762647975 0.939692620785908 -120.922381323988 
1
              1               0               0             100 
              0               1               0             100 
              0               0               1              20 
2  143 1 144 1 146 1 147 1 149 1 150 1 152 1 153 1 155 1 156 1 158 1 159 1 0
1
0.969846310392954 -0.0301536896070458 -0.241844762647975 15.0768448035229 
-0.0301536896070458 0.969846310392954 -0.241844762647975 15.0768448035229 
0.241844762647975 0.241844762647975 0.939692620785908 -120.922381323988 
1
              1               0               0             100 
              0               1               0             100 
              0               0               1              20 
2  143 1 144 1 146 1 147 1 149 1 150 1 152 1 153 1 155 1 156 1 158 1 159 1 161 1 162 1 0
1
0.969846310392954 -0.0301536896070458 -0.241844762647975 15.0768448035229 
-0.0301536896070458 0.969846310392954 -0.241844762647975 15.0768448035229 
0.241844762647975 0.241844762647975 0.939692620785908 -120.922381323988 
1
              1               0               0             100 
              0               1               0             100 
              0               0               1              20 
2  143 1 144 1 146 1 147 1 149 1 150 1 152 1 153 1 155 1 156 1 158 1 159 1 161 1 162 1 164 1 165 1 0
1
0.969846310392954 -0.0301536896070458 -0.241844762647975 15.0768448035229 
-0.0301536896070458 0.969846310392954 -0.241844762647975 15.0768448035229 
0.241844762647975 0.241844762647975 0.939692620785908 -120.922381323988 
1
              1               0               0             100 
              0               1               0             100 
              0               0               1              20 
2  143 1 144 1 146 1 147 1 149 1 150 1 152 1 153 1 155 1 156 1 158 1 159 1 161 1 162 1 164 1 165 1 167 1 168 1 0
1
0.969846310392954 -0.0301536896070458 -0.241844762647975 15.0768448035229 
-0.0301536896070458 0.969846310392954 -0.241844762647975 15.0768448035229 
0.241844762647975 0.241844762647975 0.939692620785908 -120.922381323988 
1
              1               0               0             100 
              0               1               0             100 
              0               0               1              20 
2  143 1 144 1 146 1 147 1 149 1 150 1 152 1 153 1 155 1 156 1 158 1 159 1 161 1 162 1 164 1 165 1 167 1 168 1 170 1 171 1 0
1
0.969846310392954 -0.0301536896070458 -0.241844762647975 15.0768448035229 
-0.0301536896070458 0.969846310392954 -0.241844762647975 15.0768448035229 
0.241844762647975 0.241844762647975 0.939692620785908 -120.922381323988 
1
              1               0               0             100 
              0               1               0             100 
              0               0               1              20 
2  143 1 144 1 146 1 147 1 149 1 150 1 152 1 153 1 155 1 156 1 158 1 159 1 161 1 162 1 164 1 165 1 167 1 168 1 170 1 171 1 173 1 174 1 0
1
0.969846310392954 -0.0301536896070458 -0.241844762647975 15.0768448035229 
-0.0301536896070458 0.969846310392954 -0.241844762647975 15.0768448035229 
0.241844762647975 0.241844762647975 0.939692620785908 -120.922381323988 
1
              1               0               0             100 
              0               1               0             100 
              0               0               1              20 
2  143 1 144 1 146 1 147 1 149 1 150 1 152 1 153 1 155 1 156 1 158 1 159 1 161 1 162 1 164 1 165 1 167 1 168 1 170 1 171 1 173 1 174 1 176 1 177 1 0
1
0.969846310392954 -0.0301536896070458 -0.241844762647975 15.0768448035229 
-0.0301536896070458 0.969846310392954 -0.241844762647975 15.0768448035229 
0.241844762647975 0.241844762647975 0.939692620785908 -120.922381323988 
1
              1               0               0             100 
              0               1               0             100 
              0               0               1              20 
2  143 1 144 1 146 1 147 1 149 1 150 1 152 1 153 1 155 1 156 1 158 1 159 1 161 1 162 1 164 1 165 1 167 1 168 1 170 1 171 1 173 1 174 1 176 1 177 1 179 1 180 1 0
1
0.969846310392954 -0.0301536896070458 -0.241844762647975 15.0768448035229 
-0.0301536896070458 0.969846310392954 -0.241844762647975 15.0768448035229 
0.241844762647975 0.241844762647975 0.939692620785908 -120.922381323988 
1
              1               0               0             100 
              0               1               0             100 
              0               0               1              20 
2  143 1 144 1 146 1 147 1 149 1 150 1 152 1 153 1 155 1 156 1 158 1 159 1 161 1 162 1 164 1 165 1 167 1 168 1 170 1 171 1 173 1 174 1 176 1 177 1 179 1 180 1 182 1 183 1 0
1
0.969846310392954 -0.0301536896070458 -0.241844762647975 15.0768448035229 
-0.0301536896070458 0.969846310392954 -0.241844762647975 15.0768448035229 
0.241844762647975 0.241844762647975 0.939692620785908 -120.922381323988 
1
              1               0               0             100 
              0               1               0             100 
              0               0               1              20 
2  143 1 144 1 146 1 147 1 149 1 150 1 152 1 153 1 155 1 156 1 158 1 159 1 161 1 162 1 164 1 165 1 167 1 168 1 170 1 171 1 173 1 174 1 176 1 177 1 179 1 180 1 182 1 183 1 185 1 186 1 0
1
0.969846310392954 -0.0301536896070458 -0.241844762647975 15.0768448035229 
-0.0301536896070458 0.969846310392954 -0.241844762647975 15.0768448035229 
0.241844762647975 0.241844762647975 0.939692620785908 -120.922381323988 
1
              1               0               0             100 
              0               1               0             100 
              0               0               1              20 
2  143 1 144 1 146 1 147 1 149 1 150 1 152 1 153 1 155 1 156 1 158 1 159 1 161 1 162 1 164 1 165 1 167 1 168 1 170 1 171 1 173 1 174 1 176 1 177 1 179 1 180 1 182 1 183 1 185 1 186 1 188 1 189 1 0
1
0.969846310392954 -0.0301536896070458 -0.241844762647975 15.0768448035229 
-0.0301536896070458 0.969846310392954 -0.241844762647975 15.0768448035229 
0.241844762647975 0.241844762647975 0.939692620785908 -120.922381323988 
1
              1               0               0             100 
              0               1               0             100 
              0               0               1              20 
2  143 1 144 1 146 1 147 1 149 1 150 1 152 1 153 1 155 1 156 1 158 1 159 1 161 1 162 1 164 1 165 1 167 1 168 1 170 1 171 1 173 1 174 1 176 1 177 1 179 1 180 1 182 1 183 1 185 1 186 1 188 1 189 1 191 1 192 1 0
1
0.866025403784439            -0.5               0 -190.192378864668 
            0.5 0.866025403784439               0 109.807621135332 
              0               0               1               0 
1
              1               0               0             300 
              0               1               0             300 
              0               0               1               0 
2  194 1 195 1 0
1
0.866025403784439            -0.5               0 -190.192378864668 
            0.5 0.866025403784439               0 109.807621135332 
              0               0               1               0 
1
              1               0               0             300 
              0               1               0             300 
              0               0               1               0 
2  194 1 195 1 197 1 198 1 0
1
0.866025403784439            -0.5               0 -190.192378864668 
            0.5 0.866025403784439               0 109.807621135332 
              0               0               1               0 
1
              1               0               0             300 
              0               1               0             300 
              0               0               1               0 
2  194 1 195 1 197 1 198 1 200 1 201 1 0
1
0.866025403784439            -0.5               0 -190.192378864668 
            0.5 0.866025403784439               0 109.807621135332 
              0               0               1               0 
1
              1               0               0             300 
              0               1               0             300 
              0               0               1               0 
2  194 1 195 1 197 1 198 1 200 1 201 1 203 1 204 1 0
1
0.866025403784439            -0.5               0 -190.192378864668 
            0.5 0.866025403784439               0 109.807621135332 
              0               0               1               0 
1
              1               0               0             300 
              0               1               0             300 
              0               0               1               0 
2  194 1 195 1 197 1 198 1 200 1 201 1 203 1 204 1 206 1 207 1 0
1
0.866025403784439            -0.5               0 -190.192378864668 
            0.5 0.866025403784439               0 109.807621135332 
              0               0               1               0 
1
              1               0               0             300 
              0               1               0             300 
              0               0               1               0 
2  194 1 195 1 197 1 198 1 200 1 201 1 203 1 204 1 206 1 207 1 209 1 210 1 0
1
0.866025403784439            -0.5               0 -190.192378864668 
            0.5 0.866025403784439               0 109.807621135332 
              0               0               1               0 
1
              1               0               0             300 
              0               1               0             300 
              0               0               1               0 
2  194 1 195 1 197 1 198 1 200 1 201 1 203 1 204 1 206 1 207 1 209 1 210 1 212 1 213 1 0
1
0.866025403784439            -0.5               0 -190.192378864668 
            0.5 0.866025403784439               0 109.807621135332 
              0               0               1               0 
1
              1               0               0             300 
