DBRep_DrawableShape

CASCADE Topology V1, (c) Matra-Datavision
Locations 0
Curve2ds 8
1 6.2831853071795862 0 -1 0 
1 4.8870609071395865 0 -0 -1 
1 6.2831853071795862 -612 -1 0 
1 6.2831853071795862 0 -0 -1 
1 1.396124127787 0 0 1 
1 -0.174672199009 306 1 0 
1 0 0 0 1 
1 -0.174672199009 -306 1 0 
Curves 8
2 0 -9.1500407743849994 3.999999380062 1 0 0 0 -5.7018950405339914e-008 -0.99999999999999845 0 0.99999999999999845 -5.7018950405339914e-008 3.999999380062
1 0 -5.2109069999999997 3.304859 1 0 0 
2 612 -9.1500407743849994 3.999999380062 1 0 0 0 -5.7018950405339914e-008 -0.99999999999999845 0 0.99999999999999845 -5.7018950405339914e-008 3.999999380062
1 0 -9.1500410024610002 -4.4408920985009999e-016 1 0 0 
1 306 -9.1500415064990008 0 -1 -2.22044604925e-016 1.8321124425630001e-025 
2 7.6210233809560003e-015 -9.1500415031909998 4.0000000000069997 -1 -2.22044604925e-016 1.8321123193030002e-025 -2.22044604925e-016 1 -8.2519302502249999e-010 1.8427297686637155e-029 -8.2519302502249999e-010 -1 4
1 306 -5.2109072684979996 3.3048586611120001 -1 -2.22044604925e-016 1.8321124425630001e-025 
2 612 -9.1500415031909998 4.0000000000069997 -1 -2.22044604925e-016 1.8321123193030002e-025 -2.22044604925e-016 1 -8.2519302502249999e-010 1.8427297686637155e-029 -8.2519302502249999e-010 -1 4
Polygon3D 0
PolygonOnTriangulations 0
Surfaces 6
2 0 -9.1500407743849994 3.999999380062 -1 -0 -0 0 -5.7018950405339914e-008 -0.99999999999999845 0 -0.99999999999999845 5.7018950405339914e-008 3.999999380062
1 0 -4.2624795582120001 8.6792793373439991 0 0.9847835486752875 -0.17378539138405075 0 -0.17378539138405075 -0.9847835486752875 -1 0 -0 
1 0 -9.1500410024610002 0 0 0 -1 0 -1 0 -1 -0 -0 
2 306 -9.1500415031909998 4.0000000000069997 -1 -2.22044604925e-016 1.8321124425630001e-025 -2.1866587625435223e-016 0.98478355867449052 -0.1737853347219101 3.858809580966199e-017 -0.1737853347219101 -0.98478355867449052 4
1 306 -77.794117623749997 5.666115043823e-008 -7.3955709864469988e-032 8.2519302502249999e-010 1 0 1 -8.2519302502249999e-010 -1 -6.1027735940748336e-041 -7.3955709864469988e-032 
1 306 -2.7375199043470002 17.320720323713999 2.1866587625438687e-016 -0.98478355867449052 0.1737853347219101 -2.588449845256445e-031 0.1737853347219101 0.98478355867449052 -1 -2.1533855977847092e-016 3.8000922497128141e-017 
Triangulations 0

TShapes 21
Ve
1e-006
0 -9.150041002461 -4.440892098501e-016
0 0

0101101
*
Ve
1e-006
0 -5.210907 3.304859
0 0

0101101
*
Ed
 1e-006 1 1 0
1  1 0 0 1.39612440004024
2  1 1 0 0 1.39612440004024
0

0101000
+21 0 -20 0 *
Ve
1e-006
612 -5.210907 3.304859
0 0

0101101
*
Ed
 1e-006 1 1 0
1  2 0 0 612
2  2 1 0 0 612
4 G1 2 0 1 0
0

0101000
+20 0 -18 0 *
Ve
1e-006
612 -9.150041002461 -4.440892098501e-016
0 0

0101101
*
Ed
 1e-006 1 1 0
1  3 0 0 1.39612440004024
2  3 1 0 0 1.39612440004024
0

0101000
+16 0 -18 0 *
Ed
 1e-006 1 1 0
1  4 0 0 612
2  4 1 0 0 612
4 G1 1 0 3 0
0

0101000
+21 0 -16 0 *
Wi

0101100
+19 0 +17 0 -15 0 -14 0 *
Fa
0  1e-006 1 0

0111000
+13 0 *
Ve
1e-006
612 -9.150041506499 0
0 0

0101101
*
Ve
1e-006
7.621023380956e-015 -9.150041506499 0
0 0

0101101
*
Ed
 1e-006 1 1 0
1  5 0 -306 306
2  5 4 0 -306 306
4 G1 4 0 5 0
0

0101000
+11 0 -10 0 *
Ve
1e-006
7.621023380956e-015 -5.210907268498 3.304858661112
0 0

0101101
*
Ed
 1e-006 1 1 0
1  6 0 0.174672199010496 1.5707963267967
2  6 4 0 0.174672199010496 1.5707963267967
0

0101000
+8 0 -10 0 *
Ve
1e-006
612 -5.210907268498 3.304858661112
0 0

0101101
*
Ed
 1e-006 1 1 0
1  7 0 -306 306
2  7 4 0 -306 306
4 G1 6 0 4 0
0

0101000
+6 0 -8 0 *
Ed
 1e-006 1 1 0
1  8 0 0.174672199010496 1.5707963267967
2  8 4 0 0.174672199010496 1.5707963267967
0

0101000
+6 0 -11 0 *
Wi

0101000
+9 0 -7 0 -5 0 +4 0 *
Fa
0  1e-006 4 0

0111000
+3 0 *
Co

1100000
+12 0 +2 0 *

+1 0 
0

