DBRep_DrawableShape

CASCADE Topology V3, (c) Open Cascade
Locations 2
1
              1               0               0               0 
              0               1               0               0 
              0               0               1               0 
1
              1               0               0               0 
              0               1               0               0 
              0               0               1               0 
Curve2ds 21
2 -0.014347904789303811 0.14083012245076532 -1 0 -0 -1 0.10000000000000001
1 3.1406593202559603 1.5165788273023119e-17 0 1 
1 0 2.3214276533319937 1 0 
1 9.3358568388139602 2.3187252835769416 -1 0 
1 5.0609008728698077 1.570796471751436 -4.2792921571135375e-14 1 
7 1 0  6 7 2  -0.097928589898163665 -0.0014080237280751362  1.0299902531129972 -0.071813443165485324 -0.0014080275136336695  1.00959607690426 -0.046347215366735028 -0.0095230753882447061  0.99801597200470249 -0.024258918693764286 -0.025120842043477865  0.99421937053908871 -0.0078997864606584756 -0.046651331288373399  0.99801597200470626 0.0010990728308701847 -0.071818835967150108  1.0095960769042576 0.0020104783080974187 -0.097918074058043203  1.0299902531129972
 0 7 1.5358895968005639 7
1 1.2204177675532246 1.5707963268042715 0.99999999999999933 3.7741909160476482e-08 
1 0 0 1 0 
2 12.4 6.4000000000000004 -0.34237568681406716 0.93956313735618424 0.93956313735618424 0.34237568681406716 1.3048232629049998
1 0 0 1 0 
1 11.953259027980163 7.6259633972255543 -0.96162070487828466 -0.27438225152037621 
1 0.024987959836073794 0.055000000000006821 -1 -3.8518598887744717e-34 
1 11.905201148878099 7.612250891864111 -0.99467717207486051 -0.10304039670516854 
1 0.036042315783992834 0.055000000000006821 -1 -9.6296497219361771e-35 
1 11.833500211400001 7.6048232628310002 -1 -2.0737103056946339e-09 
1 0.46993065209999862 0.055000000000006821 -1 0 
1 3.0536075302952073 1.5707963267950007 1 -2.1203697876423444e-16 
1 0 0 1 0 
7 0 0  8 9 2  13.848262242118979 6.4000000000003698  13.84826224211877 6.9687312525394196  13.59295854138108 7.5374692504239134  13.082809946005188 7.9725003427979093  12.400000000000002 8.1405298596733431  11.717190053993297 7.9725003427975816  11.207041458618711 7.5374692504232872  10.951737757880821 6.968731252538686  10.951737757881022 6.3999999999996318 
 0 9 3.1415926535897931 9
8 -7.0038497862043387 -6.6938615900544827
1 0.039165206175567846 6.8444124520334535 -4.1121362253072445e-19 1 
8 -7.0038497862043387 -6.6938615900544827
1 6.8444124559146422 6.4000000043120391 -1 6.0643571786059184e-10 
Curves 10
2 13.704823262905 68.299999999999997 -6.4000000000006514 -4.9895996555430201e-13 1.2480444074530376e-15 -1 1 0 -4.9895996555430201e-13 -6.2272419455300689e-28 -1 -1.2480444074530376e-15 0.10000000000000001
2 12.4 68.2266900997991 -6.4000000000000004 0 1 0 0.99613157122632123 0 -0.087874301170368319 -0.087874301170368319 0 -0.99613157122632123 1.23681106890618
7 1 0  6 7 2  11.953259033053705 68.200000000000003 -5.1740366163537326  1.0299902531129972 11.96220024859192 68.200000003785561 -5.198573436717596  1.00959607690426 11.970919289462136 68.208115051660158 -5.2225005569914895  0.99801597200470249 11.978481805707847 68.223712818315391 -5.2432538988415747  0.99421937053908871 11.984082790025939 68.245243307560287 -5.2586243309138601  0.99801597200470626 11.987163789008914 68.270410812239064 -5.267079324338793  1.0095960769042576 11.987475832931088 68.296510050329957 -5.2679356470201206  1.0299902531129972
 0 7 1.5358895968005639 7
7 0 0  9 10 2  11.953259027980856 68.200000000000003 -7.62596339722481  12.476402552396344 68.199999999999051 -7.8165968574329074  13.091095680986143 68.200000000003911 -7.7560941261921483  13.659262764960427 68.199999999991576 -7.3942013827509641  14.01219187888058 68.200000000011599 -6.7691451878121196  14.012191875465032 68.199999999988833 -6.0308548082515285  13.659262757344584 68.200000000007563 -5.405798618552879  13.091095674129511 68.199999999996606 -5.0439058818207192  12.476402550572541 68.200000000000855 -4.9834031552839484  11.953259033053705 68.200000000000003 -5.1740366163537326 
 0 10 3.8404831053165855 10
2 12.4 68.200000000000003 -6.4000000000000004 0 -1 -0 -0.34237568681406716 0 -0.93956313735618424 0.93956313735618424 0 -0.34237568681406716 1.3048232629049998
1 11.953259027980163 68.200000000000003 -7.6259633972255543 -0.96162070487828466 -0 0.27438225152037621 
1 11.905201148878099 68.200000000000003 -7.612250891864111 -0.99467717207486051 -0 0.10304039670516854 
1 11.833500211400001 68.200000000000003 -7.6048232628310002 -1 -0 2.0737103056946339e-09 
7 0 0  8 9 2  13.848262242118979 68.200000000000003 -6.4000000000003698  13.84826224211877 68.19999999999996 -6.9687312525394196  13.59295854138108 68.200000000000074 -7.5374692504239134  13.082809946005188 68.19999999999979 -7.9725003427979093  12.400000000000002 68.200000000000443 -8.1405298596733431  11.717190053993297 68.199999999999562 -7.9725003427975816  11.207041458618711 68.200000000000188 -7.5374692504232872  10.951737757880821 68.199999999999974 -6.968731252538686  10.951737757881022 68.200000000000003 -6.3999999999996318 
 0 9 3.1415926535897931 9
1 6.8444124559146422 68.200000000000003 -6.4000000043120391 -1 0 -6.0643571786059184e-10 
Polygon3D 0
PolygonOnTriangulations 0
Surfaces 13
1 13.690475358115696 68.159169877549232 -6.4000000000006461 -4.9895996555430201e-13 1.2480444074530376e-15 -1 -1 0 4.9895996555430201e-13 6.2272419455300689e-28 1 1.2480444074530376e-15 
5 12.4 68.299999999999997 -6.4000000000000004 0 -1 0 -0.99999956444447613 -0 -0.00093333319782774437 0.00093333319782774437 0 -0.99999956444447613 1.3048232629050001 0.10000000000000001
5 12.4 68 -6.4000000000000004 0 1 0 0.99613157122632123 0 -0.087874301170368319 -0.087874301170368319 0 -0.99613157122632123 1.4482622421189999 0.31
1 11.986787492173466 68.198591976271913 -5.2660466763933673 -0.93956279913067398 2.054601100321592e-13 -0.34237661498667366 0.34237661498667366 0 -0.93956279913067398 -1.9304267609151173e-13 -1 -7.034473698760016e-14 
9 0 0 0 0 9 1 10 2 2 2 11.953259027980856 68.200000000000003 -7.62596339722481  11.953259027981208 68.090000000000003 -7.6259633972238383  
12.476402552396344 68.199999999999051 -7.8165968574329074  12.476402553002883 68.089999999999193 -7.8165968557673127  
13.091095680986143 68.200000000003911 -7.7560941261921483  13.091095680600274 68.0900000000034 -7.7560941222784949  
13.659262764960427 68.199999999991576 -7.3942013827509641  13.659262761505994 68.089999999992585 -7.3942013773310649  
14.01219187888058 68.200000000011599 -6.7691451878121196  14.012191870922564 68.090000000010306 -6.7691451833113296  
14.012191875465032 68.199999999988833 -6.0308548082515285  14.012191863720561 68.089999999989928 -6.0308548082629327  
13.659262757344584 68.200000000007563 -5.405798618552879  13.659262745409343 68.090000000007066 -5.405798625282463  
13.091095674129511 68.199999999996606 -5.0439058818207192  13.091095666069636 68.089999999996664 -5.0439058944802415  
12.476402550572541 68.200000000000855 -4.9834031552839484  12.476402549032237 68.090000000000899 -4.9834031709304947  
11.953259033053705 68.200000000000003 -5.1740366163537326  11.953259038512973 68.090000000000003 -5.174036631335265  

0 10
3.8404831053165855 10

0 2
1 2

1 0 68.200000000000003 0 0 1 0 1 0 0 0 0 -1 
2 12.4 68.200000000000003 -6.4000000000000004 0 -1 -0 -0.34237568681406716 0 -0.93956313735618424 0.93956313735618424 0 -0.34237568681406716 1.3048232629049998
1 11.929230088429128 68.144999999999996 -7.6191071445448344 0.27438225152037626 -6.7620593671969354e-18 0.96162070487828466 0.96162070487828466 0 -0.27438225152037626 1.855389074085946e-18 1 6.5025362951127245e-18 
1 11.869350680139048 68.144999999999996 -7.6085370773475551 0.10304039670516854 2.2310628754330452e-18 0.99467717207486051 0.99467717207486051 -1.4444474582904267e-34 -0.10304039670516854 -2.2988960375879479e-19 1 -2.2191873116569479e-18 
1 11.363569559300002 68.144999999999996 -7.6048232618564997 2.0737103056946339e-09 2.7969349286081285e-25 1 1 0 -2.0737103056946339e-09 -5.8000327858119607e-34 1 -2.7969349286081285e-25 
5 12.4 68 -6.4000000000000004 0 1 0 -0.996131805436552 0 0.087871646153440494 0.087871646153440494 -0 0.996131805436552 1.4482622421189999 0.20000000000000001
9 0 0 0 0 10 1 11 2 2 2 13.848262242118981 68.200000000000017 -6.4000000000003698  13.848262242118969 68.310000000000002 -6.4000000000003689  
13.84826224211881 68.19999999999996 -6.8549850020316097  13.848262242119088 68.310000000003257 -6.8549850020319285  
13.68940660610421 68.200000000000017 -7.3099742011666802  13.689442946837245 68.309999999987269 -7.3099699645410183  
13.371909443588175 68.199999999999932 -7.7025678936728115  13.371800421387784 68.310000000026875 -7.7025869584852265  
12.923226443386914 68.200000000000045 -7.970506036106519  12.923343252887264 68.309999999961249 -7.9704651829389297  
12.399999999999661 68.200000000000102 -8.0658500743952999  12.400000000001155 68.310000000041427 -8.0659019514325507  
11.876773556612253 68.19999999999996 -7.9705060361062632  11.876656747109081 68.309999999966564 -7.9704651829395861  
11.428090556410989 68.199999999999875 -7.7025678936723185  11.42819957861359 68.31000000001994 -7.7025869584835851  
11.110593393895513 68.200000000000088 -7.3099742011660123  11.110557053161282 68.309999999991703 -7.3099699645410752  
10.95173775788086 68.200000000000003 -6.8549850020308742  10.951737757880935 68.310000000002006 -6.8549850020309799  
10.951737757881022 68.200000000000017 -6.39999999999963  10.951737757881032 68.310000000000002 -6.3999999999996309  

0 11
3.1415926535897931 11

0 2
1 2

1 13.688824907948096 68.160834793824435 -6.4000000001878998 -6.0643571786059184e-10 -6.7808278836447876e-10 1 0 1 6.7808278836447876e-10 -1 4.1121362253072445e-19 -6.0643571786059184e-10 
Triangulations 0

TShapes 23
Ve
1.07049097625611e-05
13.7048225579943 68.2 -6.40000000000065
0 0

0101101
*
Ve
1.00000000017764e-05
13.6368110689062 68.2266900997991 -6.40000000000062
0 0

0101101
*
Ed
 1e-05 1 1 0
1  1 0 1.57079632680426 2.31872528357673
2  1 1 0 1.57079632680426 2.31872528357673
2  2 2 0 1.57079632680426 2.31872528357673
0

0101000
+23 0 -22 0 *
Ve
1.0000000001986e-05
11.9765448128499 68.2266900997991 -5.23793833010271
0 0

0101101
*
Ed
 1e-07 1 1 0
1  2 0 4.27495596594415 6.195197518558
2  3 3 0 4.27495596594415 6.195197518558
2  4 2 0 4.27495596594415 6.195197518558
0

0101000
+20 0 -22 0 *
Ve
1e-05
11.9532590330537 68.2 -5.17403661635373
0 0

0101101
*
Ed
 1e-05 1 1 0
2  5 2 0 0 0.747928811825437
1  3 0 0 0.747928811825437
2  6 4 0 0 0.747928811825437
0

0101000
+18 0 -20 0 *
Ed
 1e-05 1 1 0
2  7 2 0 1.92024155265829 3.84048310531659
1  4 0 1.92024155265829 3.84048310531659
2  8 5 0 1.92024155265829 3.84048310531659
0

0101000
+23 0 -18 0 *
Wi

0101100
-21 0 +19 0 +17 0 +16 0 *
Ve
1.02469507659596e-07
11.9532590279802 68.2 -7.62596339722555
0 0

0101101
*
Ve
1.00500000008882e-05
13.704823262905 68.2 -6.40000000015164
0 0

0101101
*
Ed
 1e-07 1 1 0
2  9 6 0 6.28318431921245 8.20342587179977
1  5 0 6.28318431921245 8.20342587179977
2  10 7 0 6.28318431921245 8.20342587179977
0

0101000
+14 0 -13 0 *
Ve
1.02469507659596e-07
11.9052011488781 68.2 -7.61225089186411
0 0

0101101
*
Ed
 1e-07 1 1 0
2  11 6 0 0 0.0499759196721403
1  6 0 0 0.0499759196721403
2  12 8 0 0 0.0499759196721403
0

0101000
+14 0 -11 0 *
Ve
1.02469507659596e-07
11.8335002114 68.2 -7.604823262831
0 0

0101101
*
Ed
 1e-07 1 1 0
2  13 6 0 0 0.072084631567982
1  7 0 0 0.072084631567982
2  14 9 0 0 0.072084631567982
0

0101000
+11 0 -9 0 *
Ve
1.00000000191319e-05
11.5963427033084 68.2 -7.60482326233919
0 0

0101101
*
Ed
 1e-07 1 1 0
2  15 6 0 0 0.237157508091599
1  8 0 0 0.237157508091599
2  16 10 0 0 0.237157508091599
0

0101000
+9 0 -7 0 *
Ve
1.00500642845777e-05
13.848262242119 68.2 -6.40000000000037
0 0

0101101
*
Ed
 1e-05 1 1 0
2  17 11 0 0 2.15905263888006
1  9 0 0 2.15905263888006
2  18 12 0 0 2.15905263888006
2  19 6 0 0 2.15905263888006
0

0101000
+5 0 -7 0 *
Ed
 1.005e-05 1 1 0
1  10 0 -7.00384978620434 -6.86041080699036
2  20 13 0 -7.00384978620434 -6.86041080699036
2  21 6 0 -7.00384978620434 -6.86041080699036
0

0101000
+5 0 -13 0 *
Wi

0101100
+12 0 -10 0 -8 0 -6 0 +4 0 -3 0 *
Co

1100000
+15 1 -2 2 *

+1 0 
0

