DBRep_DrawableShape

CASCADE Topology V1, (c) Matra-Datavision
Locations 2
1
              1               0              -0               0 
             -0               1               0               0 
              0               0               1               0 
2  1 -1 0
Curve2ds 36
1 0.109999999999999 -2.01767394684664e-16 5.55111512312578e-17 -1 
1 1.4456349186104 6.5380020615764e-17 -5.55111512312578e-17 -1 
1 0.17674562264725 0.982936589756266 0.925820099772552 -0.377964473009227 
1 0.176745622647249 0.117063410243736 0.925820099772551 0.377964473009228 
1 0.17674562264725 0.117063410243736 0.925820099772552 0.377964473009227 
1 0.17674562264725 0.982936589756264 0.925820099772551 -0.377964473009228 
1 0.17674562264725 0.982936589756265 -0.925820099772552 0.377964473009227 
1 0.17674562264725 0.117063410243736 -0.925820099772552 -0.377964473009227 
1 0.11 8.77770078844264e-17 0 -1 
1 1.44563491861041 -1.83186799063151e-16 0 -1 
1 0.0454879371542367 0.66142223547967 -0.925820099772552 0.377964473009227 
1 0.0454879371542364 0.438577764520332 -0.925820099772551 -0.377964473009228 
1 0.0454879371542368 0.438577764520332 -0.925820099772552 -0.377964473009227 
1 0.0454879371542371 0.661422235479668 -0.925820099772551 0.377964473009228 
1 0.11 -3.57124382908483e-16 9.86076131526265e-32 1 
1 1.4456349186104 3.75622813344121e-16 -9.86076131526265e-32 1 
1 0.17674562264725 0.117063410243734 0.925820099772551 0.377964473009228 
1 0.176745622647249 0.982936589756264 0.925820099772552 -0.377964473009226 
1 0.0454879371542377 0.661422235479669 -0.925820099772551 0.377964473009228 
1 0.0454879371542366 0.438577764520332 -0.925820099772552 -0.377964473009227 
1 1.44563491861041 -8.6412094417919e-16 9.43689570931383e-16 1 
1 0.11 -3.10744155342588e-16 -9.43689570931383e-16 1 
1 0.0454879371542372 0.438577764520331 -0.925820099772552 -0.377964473009226 
1 0.045487937154237 0.661422235479668 -0.925820099772551 0.377964473009228 
1 0.176745622647249 0.117063410243735 -0.925820099772551 -0.377964473009228 
1 0.17674562264725 0.982936589756265 -0.925820099772552 0.377964473009227 
1 0.0454879371542365 0.438577764520333 0.925820099772552 0.377964473009227 
1 0.0454879371542368 0.66142223547967 0.925820099772552 -0.377964473009227 
1 0.0454879371542362 0.438577764520331 0.925820099772551 0.377964473009228 
1 0.0454879371542364 0.661422235479668 0.925820099772552 -0.377964473009227 
1 1.4456349186104 1.04853515663246e-16 0 1 
1 0.11 -1.39395549754289e-16 0 1 
1 1.44563491861041 4.31775426138038e-18 5.55111512312578e-17 1 
1 0.11 1.56973420147339e-16 -5.55111512312578e-17 1 
1 0.17674562264725 0.117063410243736 0.925820099772552 0.377964473009227 
1 0.17674562264725 0.982936589756265 0.925820099772551 -0.377964473009228 
Curves 18
1 0.415278064146925 -0.874846198232363 6.64052146603922e-16 -0.500000000000001 -0.866025403784438 0 
1 0.865873179512529 6.98399671428263e-16 -0.0471962823883887 -0.755928946018455 1.00709966502038e-15 -0.654653670707977 
1 0.432936589756264 -0.749868169913453 -0.0471962823883888 -0.377964473009227 0.654653670707977 -0.654653670707977 
1 0.432936589756264 0.749868169913454 -0.0471962823883888 0.377964473009227 0.654653670707977 0.654653670707977 
1 0.965278064146925 -0.0777817459305202 -4.27435864480685e-16 0.5 -0.866025403784439 0 
1 -0.111422235479668 0.19298897294369 0.990053425245532 -0.377964473009227 0.654653670707977 0.654653670707977 
1 -0.222844470959337 -1.52655665885959e-16 0.990053425245531 -0.755928946018455 1.00709966502038e-15 0.654653670707977 
1 -0.55 -0.797064452301842 -2.21350715534641e-16 1 -6.66133814775094e-16 0 
1 -0.432936589756266 -0.749868169913453 -0.0471962823883888 0.377964473009228 0.654653670707977 -0.654653670707977 
1 0.222844470959337 -1.4960255256824e-15 0.990053425245532 0.755928946018455 -1.17494960919044e-15 0.654653670707977 
1 -0.965278064146926 0.0777817459305207 -2.28983498828939e-17 0.499999999999999 -0.866025403784439 0 
1 0.111422235479668 0.192988972943689 0.990053425245532 0.377964473009228 0.654653670707977 0.654653670707977 
1 -0.86587317951253 3.54924423184855e-16 -0.0471962823883886 -0.755928946018455 1.17494960919044e-15 0.654653670707977 
1 -0.11142223547967 -0.192988972943689 0.990053425245532 0.377964473009227 0.654653670707977 -0.654653670707977 
1 0.111422235479669 -0.192988972943689 0.990053425245532 -0.377964473009228 0.654653670707977 -0.654653670707977 
1 0.55 0.797064452301843 -2.21350715534641e-16 -1 2.22044604925032e-16 0 
1 -0.415278064146926 0.874846198232363 -9.15933995315754e-17 -0.500000000000001 -0.866025403784438 0 
1 -0.432936589756264 0.749868169913454 -0.047196282388389 0.377964473009228 -0.654653670707977 -0.654653670707977 
Polygon3D 0
PolygonOnTriangulations 0
Surfaces 12
10 0 1.55563491861041 0 1.1
1 0.482639032073462 -0.913737071197623 0.0777817459305203 0.612372435695794 -0.353553390593274 -0.707106781186548 -0.612372435695795 0.353553390593274 -0.707106781186547 0.5 0.866025403784438 -3.60822483003176e-16 
10 0 1.55563491861041 0 1.1
1 -0.46998891208942 -0.363737071197623 1.02221825406948 0.612372435695794 -0.353553390593274 0.707106781186548 0.612372435695795 -0.353553390593274 -0.707106781186547 0.5 0.866025403784438 3.60822483003176e-16 
10 0 1.55563491861041 0 1.1
1 1.03263903207346 -0.0388908729652601 0.0777817459305202 0.612372435695795 0.353553390593274 -0.707106781186548 -0.612372435695795 -0.353553390593274 -0.707106781186548 -0.5 0.866025403784439 0 
10 0 1.55563491861041 0 1.1
1 -0.55 -0.874846198232362 0.0777817459305202 -4.71027737605133e-16 -0.707106781186548 -0.707106781186548 4.71027737605133e-16 0.707106781186548 -0.707106781186548 1 -6.66133814775094e-16 0 
10 0 1.55563491861041 0 1.1
1 0.55 0.874846198232363 0.0777817459305202 1.57009245868378e-16 0.707106781186548 -0.707106781186548 -1.57009245868378e-16 -0.707106781186548 -0.707106781186548 -1 2.22044604925032e-16 0 
10 0 1.55563491861041 0 1.1
1 0.0800110879105797 -0.58889087296526 1.02221825406948 0.612372435695795 0.353553390593274 0.707106781186548 0.612372435695795 0.353553390593274 -0.707106781186548 -0.5 0.866025403784439 0 
10 0 1.55563491861041 0 1.1
1 -0.55 0.225153801767638 1.02221825406948 -4.71027737605133e-16 -0.707106781186548 0.707106781186548 -4.71027737605133e-16 -0.707106781186548 -0.707106781186548 1 -6.66133814775094e-16 0 
10 0 1.55563491861041 0 1.1
1 -1.03263903207346 0.0388908729652604 0.0777817459305202 -0.612372435695795 -0.353553390593273 -0.707106781186548 0.612372435695795 0.353553390593274 -0.707106781186547 0.499999999999999 -0.866025403784439 -6.38378239159465e-16 
10 0 1.55563491861041 0 1.1
1 -0.0800110879105796 0.58889087296526 1.02221825406948 -0.612372435695795 -0.353553390593273 0.707106781186548 -0.612372435695795 -0.353553390593274 -0.707106781186547 0.499999999999999 -0.866025403784439 6.38378239159465e-16 
10 0 1.55563491861041 0 1.1
1 0.46998891208942 0.363737071197622 1.02221825406948 -0.612372435695794 0.353553390593274 0.707106781186548 -0.612372435695795 0.353553390593274 -0.707106781186547 -0.5 -0.866025403784438 3.60822483003176e-16 
10 0 1.55563491861041 0 1.1
1 -0.482639032073463 0.913737071197623 0.0777817459305203 -0.612372435695794 0.353553390593274 -0.707106781186548 0.612372435695795 -0.353553390593274 -0.707106781186547 -0.5 -0.866025403784438 -3.60822483003176e-16 
10 0 1.55563491861041 0 1.1
1 0.55 -0.225153801767637 1.02221825406948 1.57009245868378e-16 0.707106781186548 0.707106781186548 1.57009245868378e-16 0.707106781186548 -0.707106781186548 -1 2.22044604925032e-16 0 
Triangulations 0

TShapes 52
Ve
1.1e-07
0.9203707521959 5.19029264012261e-16 -2.13717932240343e-16
0 0

0101101
*
Ve
1.1e-07
0.46018537609795 -0.797064452301842 -4.57966997657877e-17
0 0

0101101
*
Ed
 1.1e-07 1 1 0
1  1 0 -1.01018537609795 -0.08981462390205
2  1 1 2 -1.01018537609795 -0.08981462390205
2  2 2 2 -1.01018537609795 -0.08981462390205
0

0101000
+52 0 -51 0 *
Ve
1.1e-07
-5.49560397189453e-16 -3.66373598126302e-16 -0.797064452301842
0 0

0101101
*
Ed
 1.1e-07 1 1 0
1  2 0 -0.0720935121884334 1.14544254995547
2  3 1 2 -0.0720935121884334 1.14544254995547
2  4 3 2 -0.0720935121884334 1.14544254995547
0

0101000
+52 0 -49 0 *
Ed
 1.1e-07 1 1 0
1  3 0 -0.0720935121884342 1.14544254995547
2  5 1 2 -0.0720935121884342 1.14544254995547
2  6 4 2 -0.0720935121884342 1.14544254995547
0

0101000
+51 0 -49 0 *
Wi

0101000
+50 0 -48 0 +47 0 *
Fa
0  1.1e-07 1 2

0111000
+46 0 *
Ve
1.1e-07
0.460185376097949 0.797064452301843 -2.44249065417534e-16
0 0

0101101
*
Ed
 1.1e-07 1 1 0
1  4 0 -1.14544254995547 0.0720935121884339
2  7 3 2 -1.14544254995547 0.0720935121884339
2  8 5 2 -1.14544254995547 0.0720935121884339
0

0101000
+49 0 -44 0 *
Ed
 1.1e-07 1 1 0
1  5 0 -1.01018537609795 -0.0898146239020505
2  9 3 2 -1.01018537609795 -0.0898146239020505
2  10 6 2 -1.01018537609795 -0.0898146239020505
0

0101000
+44 0 -52 0 *
Wi

0101000
+43 0 +48 0 +42 0 *
Fa
0  1.1e-07 3 2

0111000
+41 0 *
Ve
1.1e-07
-1.09912079437891e-15 -1.22124532708767e-15 0.797064452301841
0 0

0101101
*
Ed
 1.1e-07 1 1 0
1  6 0 -1.51233158774598 -0.294795525602079
2  11 2 2 -1.51233158774598 -0.294795525602079
2  12 7 2 -1.51233158774598 -0.294795525602079
0

0101000
+51 0 -39 0 *
Ed
 1.1e-07 1 1 0
1  7 0 -1.51233158774599 -0.294795525602078
2  13 2 2 -1.51233158774599 -0.294795525602078
2  14 6 2 -1.51233158774599 -0.294795525602078
0

0101000
+52 0 -39 0 *
Wi

0101000
-38 0 -50 0 +37 0 *
Fa
0  1.1e-07 2 2

0111000
+36 0 *
Ve
1.1e-07
-0.460185376097951 -0.797064452301842 -4.57966997657877e-17
0 0

0101101
*
Ed
 1.1e-07 1 1 0
1  8 0 0.0898146239020489 1.01018537609795
2  15 4 2 0.0898146239020489 1.01018537609795
2  16 7 2 0.0898146239020489 1.01018537609795
0

0101000
+34 0 -51 0 *
Ed
 1.1e-07 1 1 0
1  9 0 -0.072093512188434 1.14544254995547
2  17 4 2 -0.072093512188434 1.14544254995547
2  18 8 2 -0.072093512188434 1.14544254995547
0

0101000
+34 0 -49 0 *
Wi

0101000
-33 0 -47 0 +32 0 *
Fa
0  1.1e-07 4 2

0111000
+31 0 *
Ve
1.1e-07
-0.920370752195901 2.44249065417534e-16 1.37390099297363e-16
0 0

0101101
*
Ed
 1.1e-07 1 1 0
1  10 0 -1.51233158774598 -0.294795525602082
2  19 9 2 -1.51233158774598 -0.294795525602082
2  20 10 2 -1.51233158774598 -0.294795525602082
0

0101000
+29 0 -39 0 *
Ed
 1.1e-07 1 1 0
1  11 0 0.0898146239020499 1.01018537609795
2  21 9 2 0.0898146239020499 1.01018537609795
2  22 8 2 0.0898146239020499 1.01018537609795
0

0101000
+29 0 -34 0 *
Ed
 1.1e-07 1 1 0
1  12 0 -1.51233158774598 -0.294795525602082
2  23 9 2 -1.51233158774598 -0.294795525602082
2  24 7 2 -1.51233158774598 -0.294795525602082
0

0101000
+34 0 -39 0 *
Wi

0101000
-28 0 +27 0 +26 0 *
Fa
0  1.1e-07 9 2

0111000
+25 0 *
Ed
 1.1e-07 1 1 0
1  13 0 -1.14544254995547 0.0720935121884342
2  25 8 2 -1.14544254995547 0.0720935121884342
2  26 11 2 -1.14544254995547 0.0720935121884342
0

0101000
+49 0 -29 0 *
Wi

0101000
-27 0 -32 0 -23 0 *
Fa
0  1.1e-07 8 2

0111000
+22 0 *
Ed
 1.1e-07 1 1 0
1  14 0 0.294795525602082 1.51233158774598
2  27 6 2 0.294795525602082 1.51233158774598
2  28 12 2 0.294795525602082 1.51233158774598
0

0101000
+39 0 -44 0 *
Wi

0101000
-37 0 -42 0 -20 0 *
Fa
0  1.1e-07 6 2

0111000
+19 0 *
Ve
1.1e-07
-0.46018537609795 0.797064452301843 1.52655665885959e-16
0 0

0101101
*
Ed
 1.1e-07 1 1 0
1  15 0 0.294795525602083 1.51233158774599
2  29 12 2 0.294795525602083 1.51233158774599
2  30 10 2 0.294795525602083 1.51233158774599
0

0101000
+39 0 -17 0 *
Ed
 1.1e-07 1 1 0
1  16 0 0.089814623902051 1.01018537609795
2  31 12 2 0.089814623902051 1.01018537609795
2  32 5 2 0.089814623902051 1.01018537609795
0

0101000
+44 0 -17 0 *
Wi

0101000
-16 0 +15 0 +20 0 *
Fa
0  1.1e-07 12 2

0111000
+14 0 *
Ed
 1.1e-07 1 1 0
1  17 0 0.0898146239020495 1.01018537609795
2  33 10 2 0.0898146239020495 1.01018537609795
2  34 11 2 0.0898146239020495 1.01018537609795
0

0101000
+17 0 -29 0 *
Wi

0101000
+16 0 +12 0 +28 0 *
Fa
0  1.1e-07 10 2

0111000
+11 0 *
Ed
 1.1e-07 1 1 0
1  18 0 -0.0720935121884345 1.14544254995547
2  35 11 2 -0.0720935121884345 1.14544254995547
2  36 5 2 -0.0720935121884345 1.14544254995547
0

0101000
+17 0 -49 0 *
Wi

0101000
+23 0 +9 0 -12 0 *
Fa
0  1.1e-07 11 2

0111000
+8 0 *
Wi

0101000
+38 0 +33 0 -26 0 *
Fa
0  1.1e-07 7 2

0111000
+6 0 *
Wi

0101000
-43 0 -9 0 -15 0 *
Fa
0  1.1e-07 5 2

0111000
+4 0 *
Sh

0101000
+45 0 +40 0 +35 0 +30 0 +24 0 +21 0 +18 0 +13 0 +10 0 +7 0 
+5 0 +3 0 *
So

1100000
+2 0 *

+1 0 
0

