DBRep_DrawableShape

CASCADE Topology V1, (c) Matra-Datavision
Locations 2
1
              1               0              -0               0 
             -0               1               0               0 
              0               0               1               0 
2  1 -1 0
Curve2ds 24
1 0.0454879371542377 0.661422235479669 -0.925820099772551 0.377964473009228 
1 0.0454879371542366 0.438577764520332 -0.925820099772552 -0.377964473009227 
1 1.44563491861041 -8.6412094417919e-16 9.43689570931383e-16 1 
1 0.11 -3.10744155342588e-16 -9.43689570931383e-16 1 
1 0.0454879371542372 0.438577764520331 -0.925820099772552 -0.377964473009226 
1 0.045487937154237 0.661422235479668 -0.925820099772551 0.377964473009228 
1 0.0454879371542367 0.66142223547967 -0.925820099772552 0.377964473009227 
1 0.0454879371542364 0.438577764520332 -0.925820099772551 -0.377964473009228 
1 0.11 -3.57124382908483e-16 9.86076131526265e-32 1 
1 1.4456349186104 3.75622813344121e-16 -9.86076131526265e-32 1 
1 0.109999999999999 -2.01767394684664e-16 5.55111512312578e-17 -1 
1 1.4456349186104 6.5380020615764e-17 -5.55111512312578e-17 -1 
1 0.0454879371542368 0.438577764520332 -0.925820099772552 -0.377964473009227 
1 0.0454879371542371 0.661422235479668 -0.925820099772551 0.377964473009228 
1 0.11 8.77770078844264e-17 0 -1 
1 1.44563491861041 -1.83186799063151e-16 0 -1 
1 0.0454879371542365 0.438577764520333 0.925820099772552 0.377964473009227 
1 0.0454879371542368 0.66142223547967 0.925820099772552 -0.377964473009227 
1 0.0454879371542362 0.438577764520331 0.925820099772551 0.377964473009228 
1 0.0454879371542364 0.661422235479668 0.925820099772552 -0.377964473009227 
1 1.4456349186104 1.04853515663246e-16 0 1 
1 0.11 -1.39395549754289e-16 0 1 
1 1.44563491861041 4.31775426138038e-18 5.55111512312578e-17 1 
1 0.11 1.56973420147339e-16 -5.55111512312578e-17 1 
Curves 12
1 0.222844470959337 -1.4960255256824e-15 0.990053425245532 0.755928946018455 -1.17494960919044e-15 0.654653670707977 
1 -0.965278064146926 0.0777817459305207 -2.28983498828939e-17 0.499999999999999 -0.866025403784439 0 
1 0.111422235479668 0.192988972943689 0.990053425245532 0.377964473009228 0.654653670707977 0.654653670707977 
1 -0.111422235479668 0.19298897294369 0.990053425245532 -0.377964473009227 0.654653670707977 0.654653670707977 
1 -0.55 -0.797064452301842 -2.21350715534641e-16 1 -6.66133814775094e-16 0 
1 0.415278064146925 -0.874846198232363 6.64052146603922e-16 -0.500000000000001 -0.866025403784438 0 
1 -0.222844470959337 -1.52655665885959e-16 0.990053425245531 -0.755928946018455 1.00709966502038e-15 0.654653670707977 
1 0.965278064146925 -0.0777817459305202 -4.27435864480685e-16 0.5 -0.866025403784439 0 
1 -0.11142223547967 -0.192988972943689 0.990053425245532 0.377964473009227 0.654653670707977 -0.654653670707977 
1 0.111422235479669 -0.192988972943689 0.990053425245532 -0.377964473009228 0.654653670707977 -0.654653670707977 
1 0.55 0.797064452301843 -2.21350715534641e-16 -1 2.22044604925032e-16 0 
1 -0.415278064146926 0.874846198232363 -9.15933995315754e-17 -0.500000000000001 -0.866025403784438 0 
Polygon3D 0
PolygonOnTriangulations 12
2 1 2 
p 0.00797064452301842 1 0.0898146239020499 1.01018537609795 
2 1 4 
p 0.00398532226150921 1 0.0898146239020499 1.01018537609795 
2 1 2 
p 0.00920370752195901 1 0.0898146239020489 1.01018537609795 
2 4 1 
p 0.00460185376097951 1 0.0898146239020489 1.01018537609795 
2 1 2 
p 0.00797064452301841 1 -1.01018537609795 -0.08981462390205 
2 4 1 
p 0.00398532226150921 1 -1.01018537609795 -0.08981462390205 
2 1 2 
p 0.00797064452301842 1 -1.01018537609795 -0.0898146239020505 
2 4 1 
p 0.00398532226150921 1 -1.01018537609795 -0.0898146239020505 
2 1 2 
p 0.00920370752195899 1 0.089814623902051 1.01018537609795 
2 4 2 
p 0.0046018537609795 1 0.089814623902051 1.01018537609795 
2 1 2 
p 0.00797064452301842 1 0.0898146239020495 1.01018537609795 
2 2 4 
p 0.00398532226150921 1 0.0898146239020495 1.01018537609795 
Surfaces 12
10 0 1.55563491861041 0 1.1
1 -0.0800110879105796 0.58889087296526 1.02221825406948 -0.612372435695795 -0.353553390593273 0.707106781186548 -0.612372435695795 -0.353553390593274 -0.707106781186547 0.499999999999999 -0.866025403784439 6.38378239159465e-16 
10 0 1.55563491861041 0 1.1
1 0.46998891208942 0.363737071197622 1.02221825406948 -0.612372435695794 0.353553390593274 0.707106781186548 -0.612372435695795 0.353553390593274 -0.707106781186547 -0.5 -0.866025403784438 3.60822483003176e-16 
10 0 1.55563491861041 0 1.1
1 -1.03263903207346 0.0388908729652604 0.0777817459305202 -0.612372435695795 -0.353553390593273 -0.707106781186548 0.612372435695795 0.353553390593274 -0.707106781186547 0.499999999999999 -0.866025403784439 -6.38378239159465e-16 
10 0 1.55563491861041 0 1.1
1 -0.55 0.225153801767638 1.02221825406948 -4.71027737605133e-16 -0.707106781186548 0.707106781186548 -4.71027737605133e-16 -0.707106781186548 -0.707106781186548 1 -6.66133814775094e-16 0 
10 0 1.55563491861041 0 1.1
1 -0.46998891208942 -0.363737071197623 1.02221825406948 0.612372435695794 -0.353553390593274 0.707106781186548 0.612372435695795 -0.353553390593274 -0.707106781186547 0.5 0.866025403784438 3.60822483003176e-16 
10 0 1.55563491861041 0 1.1
1 -0.55 -0.874846198232362 0.0777817459305202 -4.71027737605133e-16 -0.707106781186548 -0.707106781186548 4.71027737605133e-16 0.707106781186548 -0.707106781186548 1 -6.66133814775094e-16 0 
10 0 1.55563491861041 0 1.1
1 0.482639032073462 -0.913737071197623 0.0777817459305203 0.612372435695794 -0.353553390593274 -0.707106781186548 -0.612372435695795 0.353553390593274 -0.707106781186547 0.5 0.866025403784438 -3.60822483003176e-16 
10 0 1.55563491861041 0 1.1
1 0.0800110879105797 -0.58889087296526 1.02221825406948 0.612372435695795 0.353553390593274 0.707106781186548 0.612372435695795 0.353553390593274 -0.707106781186548 -0.5 0.866025403784439 0 
10 0 1.55563491861041 0 1.1
1 1.03263903207346 -0.0388908729652601 0.0777817459305202 0.612372435695795 0.353553390593274 -0.707106781186548 -0.612372435695795 -0.353553390593274 -0.707106781186548 -0.5 0.866025403784439 0 
10 0 1.55563491861041 0 1.1
1 0.55 -0.225153801767637 1.02221825406948 1.57009245868378e-16 0.707106781186548 0.707106781186548 1.57009245868378e-16 0.707106781186548 -0.707106781186548 -1 2.22044604925032e-16 0 
10 0 1.55563491861041 0 1.1
1 0.55 0.874846198232363 0.0777817459305202 1.57009245868378e-16 0.707106781186548 -0.707106781186548 -1.57009245868378e-16 -0.707106781186548 -0.707106781186548 -1 2.22044604925032e-16 0 
10 0 1.55563491861041 0 1.1
1 -0.482639032073463 0.913737071197623 0.0777817459305203 -0.612372435695794 0.353553390593274 -0.707106781186548 0.612372435695795 -0.353553390593274 -0.707106781186547 -0.5 -0.866025403784438 -3.60822483003176e-16 
Triangulations 12
3 1 1 0.00705322476882888
-0.920370752195901 2.44249065417534e-16 1.37390099297363e-16 -0.460185376097951 -0.797064452301842 -4.57966997657877e-17 -5.49560397189453e-16 -3.66373598126302e-16 -0.797064452301842 0.11 0.0898146239020496 0.109999999999999 1.01018537609795 1.23721935853075 0.550000000000001 1 3 2 
5 3 1 0.00334826786861703
-0.920370752195901 2.44249065417534e-16 1.37390099297363e-16 -0.15 -7.7715611723761e-16 0.667160641734176 -0.15 -0.15 0.592160641734177 -0.460185376097951 -0.797064452301842 -4.57966997657877e-17 -0.0866025403784451 -0.15 0.647064452301842 1.4456349186104 0.0898146239020505 0.502127290788395 0.475 0.608193307966377 0.604903810567665 1.44563491861041 1.01018537609795 0.530547594435622 0.636602540378443 1 3 2 4 3 1 3 4 5 
3 1 1 0.00705322476882888
-0.460185376097951 -0.797064452301842 -4.57966997657877e-17 0.46018537609795 -0.797064452301842 -4.57966997657877e-17 -5.49560397189453e-16 -3.66373598126302e-16 -0.797064452301842 0.11 0.0898146239020485 0.11 1.01018537609795 1.23721935853075 0.549999999999998 1 3 2 
4 2 1 0.004009967838269
0.46018537609795 -0.797064452301842 -4.57966997657877e-17 0.0866025403784446 -0.15 0.647064452301842 -0.0866025403784451 -0.15 0.647064452301842 -0.460185376097951 -0.797064452301842 -4.57966997657877e-17 1.4456349186104 1.01018537609795 0.530547594435621 0.636602540378445 0.530547594435621 0.463397459621555 1.4456349186104 0.0898146239020493 1 2 3 1 3 4 
3 1 1 0.00838166552266528
0.9203707521959 5.19029264012261e-16 -2.13717932240343e-16 0.46018537609795 -0.797064452301842 -4.57966997657877e-17 -5.49560397189453e-16 -3.66373598126302e-16 -0.797064452301842 0.109999999999999 1.01018537609795 0.109999999999999 0.0898146239020498 1.23721935853075 0.550000000000002 1 2 3 
5 3 1 0.00405872978054044
0.46018537609795 -0.797064452301842 -4.57966997657877e-17 0.0866025403784446 -0.15 0.647064452301842 0.15 -0.15 0.592160641734177 0.9203707521959 5.19029264012261e-16 -2.13717932240343e-16 0.15 -6.66133814775094e-16 0.667160641734177 1.4456349186104 0.0898146239020534 0.530547594435621 0.463397459621558 0.608193307966376 0.495096189432335 1.4456349186104 1.01018537609795 0.502127290788395 0.625 1 3 2 4 3 1 3 4 5 
3 1 1 0.00684771426900545
0.460185376097949 0.797064452301843 -2.44249065417534e-16 0.9203707521959 5.19029264012261e-16 -2.13717932240343e-16 -5.49560397189453e-16 -3.66373598126302e-16 -0.797064452301842 0.11 1.01018537609795 0.11 0.0898146239020504 1.23721935853075 0.550000000000001 1 2 3 
5 3 1 0.00313835902834454
0.9203707521959 5.19029264012261e-16 -2.13717932240343e-16 0.15 -6.66133814775094e-16 0.667160641734177 0.15 0.15 0.592160641734176 0.460185376097949 0.797064452301843 -2.44249065417534e-16 0.0866025403784422 0.15 0.647064452301843 1.44563491861041 0.0898146239020458 0.502127290788394 0.474999999999999 0.608193307966377 0.604903810567666 1.44563491861041 1.01018537609795 0.530547594435619 0.636602540378445 1 3 2 4 3 1 3 4 5 
3 1 1 0.00705322476882888
0.460185376097949 0.797064452301843 -2.44249065417534e-16 -0.46018537609795 0.797064452301843 1.52655665885959e-16 -5.49560397189453e-16 -3.66373598126302e-16 -0.797064452301842 0.11 0.0898146239020503 0.11 1.01018537609795 1.23721935853075 0.55 1 3 2 
4 2 1 0.0037934614873229
-0.0866025403784434 0.15 0.647064452301843 -0.46018537609795 0.797064452301843 1.52655665885959e-16 0.0866025403784422 0.15 0.647064452301843 0.460185376097949 0.797064452301843 -2.44249065417534e-16 0.530547594435619 0.636602540378444 1.44563491861041 1.01018537609795 0.53054759443562 0.463397459621558 1.4456349186104 0.0898146239020511 1 3 4 1 4 2 
3 1 1 0.00551927351516904
-0.46018537609795 0.797064452301843 1.52655665885959e-16 -0.920370752195901 2.44249065417534e-16 1.37390099297363e-16 -5.49560397189453e-16 -3.66373598126302e-16 -0.797064452301842 0.11 0.0898146239020501 0.11 1.01018537609795 1.23721935853075 0.550000000000001 1 3 2 
5 3 1 0.00242789711642114
-0.0866025403784434 0.15 0.647064452301843 -0.46018537609795 0.797064452301843 1.52655665885959e-16 -0.15 0.15 0.592160641734177 -0.920370752195901 2.44249065417534e-16 1.37390099297363e-16 -0.15 -7.7715611723761e-16 0.667160641734176 0.53054759443562 0.463397459621556 1.44563491861041 0.0898146239020476 0.608193307966377 0.495096189432334 1.44563491861041 1.01018537609795 0.502127290788395 0.625 3 1 2 4 3 2 3 4 5 

TShapes 32
Ve
1.1e-07
-0.920370752195901 2.44249065417534e-16 1.37390099297363e-16
0 0

0101101
*
Ve
1.1e-07
-1.09912079437891e-15 -1.22124532708767e-15 0.797064452301841
0 0

0101101
*
Ed
 1.1e-07 1 1 0
1  1 0 -1.51233158774598 -0.294795525602082
2  1 1 2 -1.51233158774598 -0.294795525602082
2  2 2 2 -1.51233158774598 -0.294795525602082
0

0101000
+32 0 -31 0 *
Ve
1.1e-07
-0.460185376097951 -0.797064452301842 -4.57966997657877e-17
0 0

0101101
*
Ed
 1.1e-07 1 1 0
1  2 0 0.0898146239020499 1.01018537609795
2  3 1 2 0.0898146239020499 1.01018537609795
2  4 3 2 0.0898146239020499 1.01018537609795
6  1 1 0
6  2 2 0
0

0101000
+32 0 -29 0 *
Ed
 1.1e-07 1 1 0
1  3 0 -1.51233158774598 -0.294795525602082
2  5 1 2 -1.51233158774598 -0.294795525602082
2  6 4 2 -1.51233158774598 -0.294795525602082
0

0101000
+29 0 -31 0 *
Wi

0101000
-30 0 +28 0 +27 0 *
Fa
0  1.1e-07 1 2

0111000
+26 0 *
Ve
1.1e-07
0.46018537609795 -0.797064452301842 -4.57966997657877e-17
0 0

0101101
*
Ed
 1.1e-07 1 1 0
1  4 0 -1.51233158774598 -0.294795525602079
2  7 5 2 -1.51233158774598 -0.294795525602079
2  8 4 2 -1.51233158774598 -0.294795525602079
0

0101000
+24 0 -31 0 *
Ed
 1.1e-07 1 1 0
1  5 0 0.0898146239020489 1.01018537609795
2  9 6 2 0.0898146239020489 1.01018537609795
2  10 4 2 0.0898146239020489 1.01018537609795
6  3 3 0
6  4 4 0
0

0101000
+29 0 -24 0 *
Wi

0101000
+23 0 +22 0 -27 0 *
Fa
0  1.1e-07 4 2

0111000
+21 0 *
Ve
1.1e-07
0.9203707521959 5.19029264012261e-16 -2.13717932240343e-16
0 0

0101101
*
Ed
 1.1e-07 1 1 0
1  6 0 -1.01018537609795 -0.08981462390205
2  11 7 2 -1.01018537609795 -0.08981462390205
2  12 5 2 -1.01018537609795 -0.08981462390205
6  5 5 0
6  6 6 0
0

0101000
+19 0 -24 0 *
Ed
 1.1e-07 1 1 0
1  7 0 -1.51233158774599 -0.294795525602078
2  13 5 2 -1.51233158774599 -0.294795525602078
2  14 8 2 -1.51233158774599 -0.294795525602078
0

0101000
+19 0 -31 0 *
Wi

0101000
-23 0 -18 0 +17 0 *
Fa
0  1.1e-07 5 2

0111000
+16 0 *
Ve
1.1e-07
0.460185376097949 0.797064452301843 -2.44249065417534e-16
0 0

0101101
*
Ed
 1.1e-07 1 1 0
1  8 0 -1.01018537609795 -0.0898146239020505
2  15 9 2 -1.01018537609795 -0.0898146239020505
2  16 8 2 -1.01018537609795 -0.0898146239020505
6  7 7 0
6  8 8 0
0

0101000
+14 0 -19 0 *
Ed
 1.1e-07 1 1 0
1  9 0 0.294795525602082 1.51233158774598
2  17 8 2 0.294795525602082 1.51233158774598
2  18 10 2 0.294795525602082 1.51233158774598
0

0101000
+31 0 -14 0 *
Wi

0101000
-17 0 -13 0 -12 0 *
Fa
0  1.1e-07 8 2

0111000
+11 0 *
Ve
1.1e-07
-0.46018537609795 0.797064452301843 1.52655665885959e-16
0 0

0101101
*
Ed
 1.1e-07 1 1 0
1  10 0 0.294795525602083 1.51233158774599
2  19 10 2 0.294795525602083 1.51233158774599
2  20 2 2 0.294795525602083 1.51233158774599
0

0101000
+31 0 -9 0 *
Ed
 1.1e-07 1 1 0
1  11 0 0.089814623902051 1.01018537609795
2  21 10 2 0.089814623902051 1.01018537609795
2  22 11 2 0.089814623902051 1.01018537609795
6  9 9 0
6  10 10 0
0

0101000
+14 0 -9 0 *
Wi

0101000
-8 0 +7 0 +12 0 *
Fa
0  1.1e-07 10 2

0111000
+6 0 *
Ed
 1.1e-07 1 1 0
1  12 0 0.0898146239020495 1.01018537609795
2  23 2 2 0.0898146239020495 1.01018537609795
2  24 12 2 0.0898146239020495 1.01018537609795
6  11 11 0
6  12 12 0
0

0101000
+9 0 -32 0 *
Wi

0101000
+8 0 +4 0 +30 0 *
Fa
0  1.1e-07 2 2

0111000
+3 0 *
Co

1100000
+25 0 +20 0 +15 0 +10 0 +5 0 +2 0 *

+1 0 
0

