DBRep_DrawableShape

CASCADE Topology V1, (c) Matra-Datavision
Locations 18
1
0.820505216807664 0.123684998170444 0.558097850218925               0 
0.231750216071806 0.820505216807664 -0.5225543287947               0 
-0.5225543287947 0.558097850218925 0.64456478575775               0 
1
0.325651569771679 0.733952520129949 -0.596040899016282               0 
0.601390906064746 0.325651569771679 0.729575241635752               0 
0.729575241635752 -0.596040899016282 -0.335343426194696               0 
1
0.99236608484693 -0.00468986624719805 0.123237814002677               0 
0.0198065299166428 0.99236608484693 -0.121726147635732               0 
-0.121726147635732 0.123237814002677 0.984883336330555               0 
1
0.99236608484693 -0.00468986624719805 0.123237814002677               0 
0.0198065299166428 0.99236608484693 -0.121726147635732               0 
-0.121726147635732 0.123237814002677 0.984883336330555               0 
1
0.9696962920367 0.00587943038778285 0.244242775755169               0 
0.0541279121138008 0.9696962920367 -0.238242041505011               0 
-0.238242041505011 0.244242775755169 0.939992657498416               0 
1
0.982878151518388 -0.00130336264705793 0.184252111286704               0 
0.0352080131056964 0.982878151518388 -0.18086164624084               0 
-0.18086164624084 0.184252111286704 0.966095349541361               0 
1
0.99236608484693 -0.00468986624719805 0.123237814002677               0 
0.0198065299166428 0.99236608484693 -0.121726147635732               0 
-0.121726147635732 0.123237814002677 0.984883336330555               0 
1
0.99236608484693 -0.00468986624719805 0.123237814002677               0 
0.0198065299166428 0.99236608484693 -0.121726147635732               0 
-0.121726147635732 0.123237814002677 0.984883336330555               0 
1
0.99236608484693 -0.00468986624719805 0.123237814002677               0 
0.0198065299166428 0.99236608484693 -0.121726147635732               0 
-0.121726147635732 0.123237814002677 0.984883336330555               0 
1
0.984883336330555 -0.121726147635732 0.123237814002677               0 
0.123237814002677 0.99236608484693 -0.00468986624719805               0 
-0.121726147635732 0.0198065299166428 0.99236608484693               0 
2  1 1 2 1 3 1 4 1 5 1 6 1 7 1 8 1 9 1 10 1 0
1
0.969846310392954 0.0301536896070458 -0.241844762647975 4.26437567978729 
0.0301536896070457 0.969846310392954 0.241844762647975 -4.26437567978729 
0.241844762647975 -0.241844762647975 0.939692620785909 -34.2020143325669 
1
0.707106781186548 0.707106781186548               0 34.8528137423857 
-0.707106781186548 0.707106781186548               0 -55.857864376269 
              0               0               1               0 
2  12 -1 0
1
              1               0               0            -100 
              0               1               0             100 
              0               0               1            -100 
2  15 -1 12 -1 0
1
              1               0               0            -100 
              0               1               0             100 
              0               0               1             100 
2  17 -1 0
Curve2ds 36
1 1 0 0 -1 
1 0 0 0 -1 
7 0 0  6 12 3  1 -105.15397906347  0.933256976747313 -93.0502063674374  0.864587907902987 -81.3055634070798  0.794401361659831 -70.0707046915646  0.723167944547394 -59.4826843663661  0.651436220403028 -49.6531903016006  0.509230682612529 -31.7822212559719  0.4387085799064 -23.7127538546216  0.368807864120138 -16.5103677397402  0.29989804728382 -10.1781685621315  0.232246669261008 -4.68929990417693  0.166043671094747 0 
 0 7 0.503409305800264 5 1 7
7 0 0  6 12 3  39.2893218813453 -84.8528137423857  42.6804336668605 -82.0211470820303  45.9709281399261 -78.492224369273  49.1185964542254 -74.2168559143798  52.0850401748535 -69.1700770171484  54.8389677316395 -63.3645551325034  59.8458738650531 -50.4514881281513  62.1066950730158 -43.3586077409818  64.1245862753193 -35.6365999646399  65.8986773623452 -27.3566687128864  67.4364926917124 -18.5956574328993  68.7502929893735 -9.42957882281212 
 0 7 0.503409305800264 5 1 7
1 0 0 0 1 
1 0 0 1 0 
1 0 -173.205080756888 1 0 
7 0 0  6 7 2  0.0850419917171786 0.129327424602673  0.0727478763703464 0.136441876847189  0.0596953042432596 0.143215049019231  0.0458768615674622 0.149604784421399  0.0312993073894318 0.155567058527564  0.0159892212017081 0.161058880140542  0 0.166043671094747 
 0 7 1 7
7 0 0  6 7 2  74.0404624582377 0  73.2929013820833 -1.64233021447419  72.492722897828 -3.26313882481548  71.6385312974487 -4.8577668873681  70.7296159507206 -6.42091311193049  69.7662503530499 -7.9468272164641  68.7502929893735 -9.42957882281212 
 0 7 1 7
1 0 1 1 0 
1 0 0 1 0 
1 0.698131700797732 0 0 1 
6 0 2 0 0  81.5926425168392 3.5527136788005e-15  122.560070265357 70.562236192957  
1 0 0 1 0 
1 0 -173.205080756888 1 0 
7 0 0  4 14 5  0.085041991717179 0.129327424602673  0.122017938365011 0.141952025939996  0.159144247775601 0.154349210357786  0.196451399642309 0.166491084704506  0.271396959503918 0.190175729814813  0.309034026471683 0.201719962001133  0.346918940837004 0.212953345875661  0.422430803353101 0.234505140098379  0.460045585144307 0.244837986987314  0.497959461737455 0.254816755042989  0.576130901019886 0.274433388719431  0.616417391446534 0.284036391965043  0.657081590861058 0.29318711415737  0.698131700797732 0.30184997241281 
 0 5 0.250459724615492 3 0.50025937541716 3 0.744698317330852 3 1 5
7 0 0  4 14 5  74.0404624582377 -1.4210854715202e-14  76.8353803685157 1.6340564470632  79.5537136532046 3.35456355273469  82.1914220764529 5.15845472275102  87.2915413179317 8.92175120273935  89.7543856705483 10.8807323463219  92.1297512700237 12.9164180420321  96.6495363030303 17.0895645304192  98.7978092302167 19.2238985530311  100.855707272091 21.4256466754002  104.871410579832 26.0584109311608  106.820697313245 28.4952580931978  108.663987873386 30.9986583577345  110.397313075615 33.5646740945258 
 0 5 0.250459724615492 3 0.50025937541716 3 0.744698317330852 3 1 5
1 1 0 0 -1 
1 0 0 0 -1 
7 0 0  6 12 3  0.30184997241281 -41.1081624572007  0.362839119514827 -42.8886359690762  0.423338208126827 -45.4545446738848  0.482547923647741 -48.7584409316072  0.540012298790527 -52.6933324728317  0.595506843925408 -57.149884468422  0.714528860993749 -68.0274316474081  0.777043444807224 -74.6640397006153  0.836632077079295 -81.7969677139396  0.89348272113857 -89.3054848331432  0.947838477472727 -97.1065176951785  1 -105.15397906347 
 0 7 0.449414809787849 5 1 7
7 0 0  6 12 3  134.131121736171 1.4210854715202e-14  135.022495104792 -8.72549826822905  136.206640421417 -17.105620529241  137.662832157184 -25.0343112355786  139.349272162622 -32.4785811163665  141.22413248653 -39.4416897826579  145.740049931616 -53.9217181476514  148.458256371917 -61.2093376261198  151.351873686082 -67.8781218097386  154.376312293249 -73.9984052731165  157.501307809318 -79.6360034628281  160.710678118655 -84.8528137423857 
 0 7 0.449414809787849 5 1 7
7 0 0  4 5 2  0.30184997241281 0  0.30184997241281 -10.2770406143002  0.30184997241281 -20.5540812286003  0.30184997241281 -30.8311218429005  0.30184997241281 -41.1081624572007 
 0 5 1 5
7 0 0  4 5 2  110.397313075615 33.5646740945258  116.330765240754 25.1735055708944  122.264217405893 16.782337047263  128.197669571032 8.39116852363145  134.131121736171 7.105427357601e-15 
 0 5 1 5
1 0 0 0 1 
1 0 0 1 0 
1 0 -173.205080756888 1 0 
7 0 0  4 14 5  0 0.968854291570834  0.0423490994108565 0.954802664127318  0.0858018259631865 0.941050162608025  0.130234410113941 0.927661789209885  0.21838488665786 0.902429372152467  0.262019559946795 0.890541330275791  0.306263836479839 0.879102228868207  0.39431826019302 0.85759100877481  0.438099797986695 0.847488090068566  0.482193894687236 0.83793141162099  0.569280011020814 0.820356066321279  0.61225956923299 0.812297803020936  0.655269633332801 0.804893808705748  0.698131700797732 0.79823748909704 
 0 5 0.266281583863576 3 0.518662581886686 3 0.763313148910414 3 1 5
7 0 0  4 14 5  68.7502929893735 -187.255641195076  73.0236644818889 -186.16042725916  77.1484238160974 -185.009721279421  81.1279017720129 -183.803773928726  88.6158464593792 -181.347980090419  92.1380344894723 -180.103689968603  95.5475115102253 -178.810403276629  102.066450423743 -176.16659318386  105.181843325085 -174.819027719931  108.216149282654 -173.425038855904  114.055899649917 -170.589093662911  116.865477947831 -169.150191139178  119.626770624285 -167.665901918498  122.353579303954 -166.134616387857 
 0 5 0.266281583863576 3 0.518662581886686 3 0.763313148910414 3 1 5
1 0.698131700797732 0 0 1 
6 0 2 122.560070265357 70.562236192957  269.887266803825 73.7911543792533  193.122306458314 -51.9978340724004  
1 0 0 1 0 
1 0 -173.205080756888 1 0 
7 0 0  8 30 5  0 -105.15397906347  0.0235259757453563 -107.397000381541  0.0480132030150927 -109.465420255856  0.0736445059072382 -111.338766275048  0.100587011620436 -112.980886229956  0.128991599442598 -114.34012422715  0.158995961898149 -115.34868578637  0.190731278053877 -115.921191921889  0.241716809524567 -115.968579864367  0.259583873186637 -115.839840896856  0.277926223569155 -115.55199644823  0.296727741711158 -115.090837014371  0.315962654415602 -114.442411028543  0.335591888172101 -113.594139669389  0.355556778677956 -112.536787892466  0.421786296835852 -108.377255117113  0.469300637282277 -104.374687877442  0.516639531940234 -99.2483072791704  0.562684393972434 -93.1558637107254  0.606681961234201 -86.3507746354438  0.648119248814426 -79.1014361849267  0.68665733611724 -71.6681301178597  0.760181333761422 -56.3338011872319  0.795441071791986 -48.2825272718982  0.828442360294575 -40.1852685592245  0.859477515221929 -32.0870909101429  0.888818004032718 -24.0165075197914  0.916682417699875 -15.9846915158757  0.943290172032341 -7.98651332267185  0.968854291570834 0 
 0 9 0.252487987820206 7 0.383118050263397 7 0.680500315159538 7 1 9
7 0 0  8 30 5  39.2893218813453 -84.8528137423857  38.6608950083452 -91.5069645357198  38.0813861899515 -98.201654873732  37.5565311779178 -104.955661148712  37.0964587300814 -111.770996235769  36.7156412686699 -118.632952315165  36.4330727608352 -125.510161436513  36.2726738214141 -132.354673824831  36.2593971502253 -142.592955384321  36.295465923239 -146.054507148074  36.3761112498363 -149.472869899114  36.5053142041906 -152.832473242465  36.6869835942062 -156.116040057081  36.9246436259649 -159.304825934296  37.2208816801822 -162.379073706422  38.3862572181218 -172.010769655395  39.5076557505986 -178.035817025598  40.9439128664925 -183.049296606125  42.6508316682895 -186.964559949406  44.5574122315741 -189.85114843049  46.588458061177 -191.839673797903  48.6710460643071 -193.088510105479  52.9672622000137 -194.469349367172  55.2229861423256 -194.525565093973  57.4915936368906 -194.090134839174  59.760458589745 -193.260679407691  62.0215924641126 -192.116267335792  64.2718648869497 -190.710325120707  66.5127130104828 -189.082278848798  68.7502929893735 -187.255641195076 
 0 9 0.252487987820206 7 0.383118050263397 7 0.680500315159538 7 1 9
7 0 0  8 23 4  0 -105.15397906347  0.0410878003186255 -103.621059138649  0.0841266276264876 -101.558992289927  0.129791144046486 -98.8659883772416  0.178644559724557 -95.4009812298107  0.231174161872955 -90.9709634587881  0.287696029118969 -85.3601232372195  0.348531275694611 -78.2818717107673  0.439460254390928 -65.9927495839199  0.465929728152824 -62.2341098750655  0.492659550240988 -58.2448308824643  0.519360806106373 -54.0619150119118  0.545767699838992 -49.730512293066  0.571634288040996 -45.3030109592264  0.596731282101521 -40.8376344400719  0.646291139055284 -31.7092716092097  0.670743719562176 -27.0302609986524  0.694199454088565 -22.3838161512377  0.716688299500099 -17.7869470528352  0.73826199963501 -13.2497957069761  0.758988206174001 -8.7759192865146  0.778948096578464 -4.36243118960599  0.79823748909704 0 
 0 9 0.54994301768136 7 0.768902698989265 7 1 9
7 0 0  8 23 4  160.710678118655 -84.8528137423857  160.411234933472 -96.8833222085039  159.900556788551 -108.562107595176  159.140649030169 -119.931747665751  158.075578106147 -130.914341401439  156.626317139285 -141.298977420265  154.702484406062 -150.765573650417  152.183187112025 -158.852755674838  147.679668158976 -167.483145049623  146.290434601906 -169.628837349983  144.803926622817 -171.403935968006  143.233570852561 -172.776883757289  141.596515246689 -173.741115749473  139.913207672458 -174.312017077285  138.206762010295 -174.522907805768  134.702967436818 -174.311500066854  132.898609923923 -173.853005855441  131.099520646871 -173.093281130352  129.313307245991 -172.077760442331  127.544804485783 -170.84601101933  125.796144649377 -169.430140414551  124.066797427785 -167.854204583189  122.353579303954 -166.134616387857 
 0 9 0.54994301768136 7 0.768902698989265 7 1 9
Curves 14
1 70.7106781186547 -70.7106781186547 0 -0.577350269189626 0.577350269189626 -0.577350269189626 
7 0 0  6 12 3  10 -10 -60.7106781186547  7.99770930240286 -12.0022906975971 -57.3195663331395  5.5023841219289 -14.497615878071 -54.0290718600739  2.47924209540285 -17.5207579045971 -50.8814035457746  -1.08936948597857 -21.0893694859786 -47.9149598251465  -5.19449337893801 -25.194493378938 -45.1610322683605  -14.3254106236316 -34.3254106236316 -40.1541261349469  -19.3408344435444 -39.3408344435441 -37.8933049269842  -24.8011185065707 -44.8011185065711 -35.8754137246807  -30.6559140424443 -50.6559140424441 -34.1013226376548  -36.8508845285749 -56.8508845285749 -32.5635073082876  -43.3322808706565 -63.3322808706565 -31.2497070106265 
 0 7 0.503409305800264 5 1 7
6 0 2 -70.7106781186547 -70.7106781186547 0  0 -30 0  70.7106781186547 -70.7106781186547 0  
7 0 0  6 7 2  -50 -70 -25.9595375417623  -48.8386971683977 -68.8386971683977 -26.7070986179167  -47.6926124090199 -67.6926124090198 -27.507277102172  -46.5650400925185 -66.5650400925186 -28.3614687025513  -45.4597287971444 -65.4597287971443 -29.2703840492794  -44.3807445863204 -64.3807445863204 -30.2337496469501  -43.3322808706565 -63.3322808706565 -31.2497070106265 
 0 7 1 7
6 0 2 -59.1639506672381 -125.881388666386 9.42196876374733  -9.18581941715069 -61.5337789784014 13.7729269424245  70.7106781186547 -70.7106781186547 0  
7 0 0  4 14 5  -50 -70 -25.9595375417623  -48.84454760544 -71.15545239456 -23.1646196314843  -47.6279653639401 -72.3720346360599 -20.4462863467954  -46.352421685099 -73.647578314901 -17.8085779235471  -43.6913692244838 -76.3086307755162 -12.7084586820683  -42.30616037364 -77.69383962636 -10.2456143294517  -40.8667132138388 -79.1332867861611 -7.87024872997627  -37.9158530330155 -82.0841469669845 -3.35046369696965  -36.4066509723094 -83.5933490276906 -1.20219076978326  -34.8497799445175 -85.1502200554825 0.855707272090847  -31.5739209236306 -88.4260790763695 4.87141057983249  -29.850809770639 -90.149190229361 6.82069731324455  -28.0806384675609 -91.9193615324391 8.66398787338601  -26.2661913394443 -93.7338086605557 10.3973130756151 
 0 5 0.250459724615492 3 0.50025937541716 3 0.744698317330852 3 1 5
1 70.7106781186547 -70.7106781186547 0 -0.577350269189626 0.577350269189626 0.577350269189626 
7 0 0  6 12 3  -50 -70 34.1311217361708  -43.8301410053038 -63.8301410053038 35.0224951047921  -37.9044997273699 -57.9044997273698 36.2066404214172  -32.2980687629877 -52.2980687629878 37.6628321571838  -27.0341750493 -47.0341750492999 39.3492721626217  -22.1105136932264 -42.1105136932264 41.2241324865304  -11.871587444566 -31.871587444566 45.7400499316162  -6.7184622926339 -26.7184622926336 48.4582563719166  -2.00291977412706 -22.0029197741276 51.3518736860823  2.32477416561092 -17.6752258343888 54.3763122932488  6.31115807516116 -13.6888419248388 57.501307809318  10 -10 60.7106781186548 
 0 7 0.449414809787849 5 1 7
7 0 0  4 5 2  -26.2661913394443 -93.7338086605556 10.3973130756151  -32.1996435045832 -87.8003564954167 16.330765240754  -38.1330956697222 -81.8669043302779 22.2642174058929  -44.0665478348611 -75.9334521651389 28.1976695710319  -50 -70 34.1311217361708 
 0 5 1 5
6 0 2 70.7106781186547 -70.7106781186547 0  200 0 0  70.7106781186547 70.7106781186547 0  
7 0 0  4 14 5  82.4097337044729 62.4097337044729 -31.2497070106265  81.6353005035374 61.6353005035373 -26.9763355181111  80.8216285021115 60.8216285021116 -22.8515761839026  79.9688949526814 59.9688949526814 -18.8720982279871  78.232386476418 58.232386476418 -11.3841535406208  77.352540493519 57.352540493519 -7.8619655105277  76.4380487036059 56.4380487036059 -4.45248848977473  74.5685926588389 54.5685926588389 2.0664504237429  73.6157199812021 53.6157199812021 5.18184332508545  72.6300210025501 52.6300210025501 8.21614928265409  70.6247049255113 50.6247049255113 14.0558996499168  69.6072471935132 49.6072471935132 16.8654779478306  68.5576962203284 48.5576962203285 19.6267706242847  67.4749138376793 47.4749138376794 22.3535793039538 
 0 5 0.266281583863576 3 0.518662581886686 3 0.763313148910414 3 1 5
6 0 2 70.7106781186547 -70.7106781186547 0  163.461109251114 43.5797654743239 7.12606347158989  18.7452462951052 56.9945854103107 31.4795101993268  
7 0 0  8 30 5  10 -10 -60.7106781186547  14.7051951490044 -5.29480485099565 -61.3391049916548  19.4390560849568 -0.560943915043118 -61.9186138100485  24.2148597221716 4.21485972217158 -62.4434688220822  29.0340293782882 9.03402937828814 -62.9035412699186  33.8861650542337 13.8861650542337 -63.2843587313301  38.7490862595764 18.7490862595765 -63.5669272391648  43.5888873832716 23.5888873832716 -63.7273261785859  50.8284457016844 30.8284457016844 -63.7406028497747  53.2761324272623 33.2761324272622 -63.704534076761  55.6932799090783 35.6932799090783 -63.6238887501637  58.0688782152586 38.0688782152586 -63.4946857958094  60.3907105763526 40.3907105763527 -63.3130164057938  62.6455226938832 42.6455226938832 -63.0753563740351  64.8193441406011 44.8193441406011 -62.7791183198178  71.629981660447 51.629981660447 -61.6137427818782  75.8903335128866 55.8903335128891 -60.4923442494014  79.4353989216222 59.4353989216155 -59.0560871335075  82.2039081817799 62.2039081817878 -57.3491683317105  84.2450344712552 64.2450344712507 -55.4425877684259  85.6511342431122 65.6511342431133 -53.411541938823  86.5341948647913 66.5341948647913 -51.3289539356929  87.5105956704634 67.5105956704634 -47.0327377999863  87.5503461920922 67.5503461920943 -44.7770138576744  87.2424505061957 67.2424505061872 -42.5084063631094  86.6559369458906 66.6559369459054 -40.239541410255  85.8467154093923 65.8467154093796 -37.9784075358874  84.8525641351407 64.8525641351455 -35.7281351130503  83.7013615761911 63.701361576191 -33.4872869895172  82.4097337044729 62.4097337044729 -31.2497070106265 
 0 9 0.252487987820206 7 0.383118050263397 7 0.680500315159538 7 1 9
7 0 0  8 23 4  10 -10 60.7106781186547  18.5068541175143 -1.49314588248567 60.411234933472  26.7650024604539 6.76500246045166 59.9005567885509  34.8045520540027 14.8045520540096 59.1406490301689  42.570418559533 22.5704185595238 58.0755781061466  49.9134651085908 29.9134651085971 56.6263171392854  56.6073594976907 36.6073594976888 54.7024844060619  62.3258607478475 42.3258607478475 52.183187112025  68.4284675990387 48.4284675990387 47.6796681589761  69.9457011749627 49.9457011749628 46.2904346019056  71.2008854450419 51.2008854450419 44.8039266228173  72.1717061370593 52.1717061370592 43.2335708525612  72.8535211173694 52.8535211173694 41.5965152466892  73.2572093176532 53.2572093176533 39.9132076724578  73.4063315818532 53.4063315818532 38.2067620102952  73.2568437360716 53.2568437360716 34.7029674368183  72.9326393700465 52.9326393700467 32.8986099239226  72.3954328651011 52.3954328651011 31.0995206468707  71.6773513001664 51.6773513001662 29.3133072459913  70.8063729304397 50.8063729304396 27.5448044857835  69.8052012245181 49.8052012245183 25.7961446493767  68.6908463114468 48.6908463114468 24.0667974277852  67.4749138376793 47.4749138376793 22.3535793039538 
 0 9 0.54994301768136 7 0.768902698989265 7 1 9
Polygon3D 0
PolygonOnTriangulations 0
Surfaces 9
6 0.577350269189626 -0.577350269189626 0.577350269189626 
6 0 2 -66.4463024388674 -74.975053798442 -34.2020143325669  3.35976499157592 -33.3597649915759 -26.9466714531276  70.7106781186547 -70.7106781186547 0  
6 0.577350269189626 -0.577350269189626 0.577350269189626 
6 0 2 70.7106781186547 -70.7106781186547 0  198.233637758378 1.76636224162187 14.1669381970282  74.975053798442 66.4463024388674 -34.2020143325669  
1 -50 -70 -100 1 0 0 0 0 1 0 -1 0 
7 70.7106781186547 -70.7106781186547 0 0.577350269189626 0.577350269189626 0.577350269189626 
6 0 2 -66.4463024388674 -74.975053798442 -34.2020143325669  3.35976499157592 -33.3597649915759 -26.9466714531276  70.7106781186547 -70.7106781186547 0  
7 70.7106781186547 -70.7106781186547 0 0.577350269189626 0.577350269189626 0.577350269189626 
6 0 2 70.7106781186547 -70.7106781186547 0  198.233637758378 1.76636224162187 14.1669381970282  74.975053798442 66.4463024388674 -34.2020143325669  
1 -59.1639506672381 -125.881388666386 9.42196876374733 -0.146999097466372 0.179938651303158 -0.972632174622695 0.612532327774196 0.788644756476714 0.0533253740100306 0.776656560376333 -0.587929868138186 -0.226148308362936 
6 0.577350269189626 -0.577350269189626 -0.577350269189626 
6 0 2 -59.1639506672381 -125.881388666386 9.42196876374733  -9.18581941715069 -61.5337789784014 13.7729269424245  70.7106781186547 -70.7106781186547 0  
1 -50 -70 -100 0 1 0 0 0 1 1 0 0 
6 0.577350269189626 -0.577350269189626 -0.577350269189626 
6 0 2 70.7106781186547 -70.7106781186547 0  163.461109251114 43.5797654743239 7.12606347158989  18.7452462951052 56.9945854103107 31.4795101993268  
Triangulations 0

TShapes 38
Ve
0.00548013240240139
10 -10 -60.7106781186547
0 0

0101101
*
Ve
1e-07
70.7106781186547 -70.7106781186547 0
0 0

0101101
*
Ed
 1e-07 1 1 0
1  1 0 0 105.15397906347
2  1 1 0 0 105.15397906347
2  2 2 0 0 105.15397906347
0

0101000
-38 0 +37 12 *
Ve
0.00276867267432983
-43.3322808706565 -63.3322808706565 -31.2497070106265
0 0

0101101
*
Ed
 2.65843480443878e-06 1 1 0
1  2 0 0 1
2  3 1 0 0 1
2  4 3 13 0 1
0

0101000
+38 0 -35 0 *
Ed
 1e-07 1 1 0
1  3 0 0.166043671094747 1
2  5 4 14 0.166043671094747 1
2  6 1 14 0.166043671094747 1
2  7 1 16 0.166043671094747 1
0

0101000
+35 14 -37 0 *
Wi

0101100
-36 0 -34 0 -33 12 *
Fa
0  1e-07 1 0

0111000
+32 0 *
Ve
2.63296995414571e-05
-50 -70 -25.9595375417623
0 0

0101101
*
Ed
 5.76669867417998e-08 1 1 0
1  4 0 0 1
2  8 4 0 0 1
2  9 3 13 0 1
0

0101000
+30 0 -35 0 *
Ed
 1e-07 1 1 1
2  10 4 0 0 0.698131700797732
2  11 5 0 0 0.698131700797732
0

0101100
+37 12 -37 12 *
Ve
0.000975716205435126
-26.2661913394443 -93.7338086605557 10.3973130756151
0 0

0101101
*
Ed
 1e-07 1 1 0
1  5 0 0.30184997241281 1
2  12 4 0 0.30184997241281 1
2  13 6 0 0.30184997241281 1
2  14 7 0 0.30184997241281 1
2  15 7 18 0.30184997241281 1
0

0101000
+27 0 -37 12 *
Ed
 1.83702794450841e-06 1 1 0
1  6 0 0 1
2  16 4 0 0 1
2  17 8 13 0 1
0

0101000
+30 0 -27 0 *
Wi

0101100
-33 12 -29 0 -28 0 +26 0 +25 0 *
Fa
0  1e-07 4 0

0111000
+24 0 *
Ve
0.00450410114705156
10 -10 60.7106781186547
0 0

0101101
*
Ed
 1e-07 1 1 0
1  7 0 0 105.15397906347
2  18 7 0 0 105.15397906347
2  19 9 0 0 105.15397906347
0

0101000
-22 0 +37 12 *
Ve
0.00152014922141374
-50 -70 34.1311217361708
0 0

0101101
*
Ed
 2.24248436686915e-06 1 1 0
1  8 0 0 1
2  20 7 0 0 1
2  21 3 13 0 1
0

0101000
+20 0 -22 0 *
Ed
 5.68989029334225e-14 1 1 0
1  9 0 0 1
2  22 7 0 0 1
2  23 8 13 0 1
0

0101000
+27 0 -20 0 *
Wi

0101100
-21 0 +19 0 -26 0 +18 0 *
Fa
0  1e-07 7 0

0111000
+17 0 *
Ve
0.00548013240240139
82.4097337044729 62.4097337044729 -31.2497070106265
0 0

0101101
*
Ed
 1e-07 1 1 0
1  10 0 0 0.968854291570834
2  24 5 14 0 0.968854291570834
2  25 2 14 0 0.968854291570834
2  26 2 16 0 0.968854291570834
0

0101000
-15 14 +37 0 *
Ve
0.00450410114705156
67.4749138376793 47.4749138376794 22.3535793039538
0 0

0101101
*
Ed
 7.82430966289009e-06 1 1 0
1  11 0 0 1
2  27 5 0 0 1
2  28 3 13 0 1
0

0101000
+15 0 -13 0 *
Ed
 1e-07 1 1 0
1  12 0 0 0.79823748909704
2  29 5 0 0 0.79823748909704
2  30 6 0 0 0.79823748909704
2  31 9 0 0 0.79823748909704
2  32 9 18 0 0.79823748909704
0

0101000
-13 0 +37 12 *
Wi

0101100
-14 12 -12 0 +28 0 +11 0 *
Fa
0  1e-07 5 0

0111000
+10 0 *
Ed
 7.4086216618813e-06 1 1 0
1  13 0 0 1
2  33 2 0 0 1
2  34 3 13 0 1
0

0101000
+38 0 -15 0 *
Wi

0101100
+36 0 +8 0 -14 12 *
Fa
0  1e-07 2 0

0111000
+7 0 *
Ed
 1.36402110615842e-05 1 1 0
1  14 0 0 1
2  35 9 0 0 1
2  36 3 13 0 1
0

0101000
+22 0 -13 0 *
Wi

0101100
+21 0 +5 0 -11 0 *
Fa
0  1e-07 9 0

0111000
+4 0 *
Sh

0101000
+31 0 -23 0 -16 0 -9 0 +6 0 -3 0 *
Co

1100000
+2 0 *

+1 11 
0

