DBRep_DrawableShape

CASCADE Topology V1, (c) Matra-Datavision
Locations 0
Curve2ds 0
Curves 12
1 50 70 50 -0.502518907629606 -0.703526470681448 0.502518907629606 
1 100 0 100 -0.502518907629606 0.703526470681448 -0.502518907629606 
1 0 0 100 1 0 0 
1 50 0 0 -1 0 0 
1 0 0 0 1 0 0 
1 100 0 0 0 0 1 
1 0 0 0 0 0 1 
1 0 0 100 0 0 -1 
1 0 0 0 0.502518907629606 0.703526470681448 0.502518907629606 
1 0 0 50 0.581238193719096 0.813733471206735 0 
1 50 70 50 0 -0.813733471206735 -0.581238193719096 
1 100 0 0 -0.502518907629606 0.703526470681448 0.502518907629606 
Polygon3D 0
PolygonOnTriangulations 0
Surfaces 7
1 0 0 100 0 0.581238193719096 0.813733471206735 0 0.813733471206735 -0.581238193719096 -1 0 0 
1 0 0 0 0 1 0 0 0 1 1 0 0 
1 0 0 0 0.813733471206735 -0.581238193719096 0 0 0 -1 0.581238193719096 0.813733471206735 0 
1 50 70 50 0.813733471206735 -0.581238193719096 0 0.581238193719096 0.813733471206735 0 0 0 1 
1 0 0 0 0 0.581238193719096 -0.813733471206735 -1 0 0 0 0.813733471206735 0.581238193719096 
1 50 0 0 0 0.581238193719096 -0.813733471206735 -1 0 0 0 0.813733471206735 0.581238193719096 
1 100 0 0 0.813733471206735 0.581238193719096 0 -0.581238193719096 0.813733471206735 0 0 0 1 
Triangulations 0

TShapes 34
Ve
1e-06
50 70 50
0 0

0101101
*
Ve
1e-06
0 0 100
0 0

0101101
*
Ed
 2e-07 1 1 0
1  1 0 0 99.498743710662
0

0101000
+34 0 -33 0 *
Ve
1e-06
100 0 100
0 0

0101101
*
Ed
 1e-06 1 1 0
1  2 0 0 99.498743710662
0

0101000
-34 0 +31 0 *
Ed
 1e-06 1 1 0
1  3 0 0 100
0

0101000
-31 0 +33 0 *
Wi

0101000
+32 0 +30 0 +29 0 *
Fa
0  1e-06 1 0

0111000
+28 0 *
Ve
2e-07
50 0 0
0 0

0101101
*
Ve
1e-06
0 0 0
0 0

0101101
*
Ed
 2e-07 1 1 0
1  4 0 0 50
0

0101000
+26 0 -25 0 *
Ve
1e-06
100 0 0
0 0

0101101
*
Ed
 1e-06 1 1 0
1  5 0 50 100
0

0101000
+26 0 -23 0 *
Ed
 1e-06 1 1 0
1  6 0 0 100
0

0101000
-31 0 +23 0 *
Ve
2e-07
0 0 50
0 0

0101101
*
Ed
 1e-06 1 1 0
1  7 0 0 50
0

0101000
+25 0 -20 0 *
Ed
 2e-07 1 1 0
1  8 0 0 50
0

0101000
+33 0 -20 0 *
Wi

0101000
+24 0 -22 0 -21 0 +29 0 +19 0 -18 0 *
Fa
0  1e-06 2 0

0111000
+17 0 *
Ed
 2e-07 1 1 0
1  9 0 0 99.498743710662
0

0101000
+25 0 -34 0 *
Ed
 2e-07 1 1 0
1  10 0 0 86.0232526704262
4 G1 3 0 4 0
0

0101000
+20 0 -34 0 *
Wi

0101000
-19 0 +15 0 -14 0 *
Fa
0  2e-07 3 0

0111000
+13 0 *
Ed
 2e-07 1 1 0
1  11 0 0 86.0232526704262
4 G1 5 0 6 0
0

0101000
+34 0 -26 0 *
Wi

0101000
+24 0 +15 0 +11 0 *
Fa
0  2e-07 5 0

0111000
+10 0 *
Wi

0101000
+14 0 +32 0 +18 0 *
Fa
0  2e-07 4 0

0111000
+8 0 *
Ed
 1e-06 1 1 0
1  12 0 0 99.498743710662
0

0101000
+23 0 -34 0 *
Wi

0101000
-22 0 -11 0 -6 0 *
Fa
0  2e-07 6 0

0111000
+5 0 *
Wi

0101000
-21 0 -30 0 +6 0 *
Fa
0  1e-06 7 0

0111000
+3 0 *
Sh

0101100
-27 0 +16 0 +12 0 -9 0 +7 0 -4 0 -2 0 *

+1 0 
0

