DBRep_DrawableShape

CASCADE Topology V1, (c) Matra-Datavision
Locations 3
1
0.939692620785908 0.342020143325669               0               0 
-0.342020143325669 0.939692620785908               0               0 
              0               0               1               0 
1
              1               0               0              -5 
              0               1               0               0 
              0               0               1               0 
2  2 -1 0
Curve2ds 20
8 -1.43487751152881 3.78466739716681
1 0.184151241716111 -1.42301152253435 0.128339346206566 -0.99173031223981 
8 -1.43487751152881 3.78466739716681
1 9.58822530538178 -1.37452358072285 -0.286975502305762 -0.957937921306154 
8 -1.0652479505142 4.20775511390392
1 10.9773490647703 -1.04572841692413 -0.190557346419367 -0.981676065576425 
8 -1.0652479505142 4.20775511390392
1 0.338318037881093 -1.0100960851914 0.317595577365612 -0.94822626479011 
1 0 0 0.447213595499958 -0.894427190999916 
1 0 0 1 0 
8 -4.92029696267167 4.58536047213277
1 5.59016994374947 -5.17638090205042 1 1.38777878078145e-17 
8 -4.92029696267167 4.58536047213277
1 -5.59016994374947 1.33974596215561 1 -5.55111512312578e-17 
1 0 0 0 1 
1 0 0 0 -1 
1 0 0 0 -1 
1 0 10 1 0 
8 -1.43487751152881 9.00421230586242
1 9.58822530538178 1.37452358072285 -0.286975502305762 0.957937921306154 
8 -1.43487751152881 9.00421230586242
1 0.184151241716112 -1.42301152253435 0.128339346206566 -0.99173031223981 
8 -2.23606797749979 8.94427190999916
1 9 -2 -0.447213595499958 -0.894427190999916 
8 -2.23606797749979 8.94427190999916
1 2.23606797749979 -2.77555756156289e-17 1 1.38777878078145e-17 
8 -3.78178681482895 10.5016639508633
1 -3.74437122462099 -6.47358109293729 -0.990106372453029 0.140318819934831 
8 -3.78178681482895 10.5016639508633
1 3.9452107736658 -7.61169182527937 0.68895073653908 0.724808169533332 
1 0 0 -0.942809041582063 -0.333333333333333 
1 0 -10 0.74535599249993 0.666666666666667 
Curves 13
1 -1.37452358072285 0 0.411774694618219 -0.957937921306154 0 0.286975502305762 
1 -1.0100960851914 9.69739914771341 5.1513004261433 -0.94822626479011 -0.284066120137121 0.142033060068561 
1 0 0 0 0 0.894427190999916 0.447213595499958 
1 -5 4.40084739120784 3.69830521758432 0 0.894427190999916 0.447213595499958 
1 0 0 10 -1 0 0 
1 0 0 10 0 0 -1 
1 0 0 0 1 0 0 
1 10 0 0 0 0 1 
1 1.37452358072285 0 9.58822530538178 0.957937921306154 0 -0.286975502305762 
1 0 2 9 0 0.894427190999916 -0.447213595499958 
1 0 10 5 0 -0.894427190999916 0.447213595499958 
1 7.35232971579072 2.64767028420928 6.47358109293729 -0.70011093005755 0.70011093005755 -0.140318819934831 
1 10 0 0 -0.666666666666667 0.666666666666667 0.333333333333333 
Polygon3D 0
PolygonOnTriangulations 0
Surfaces 9
1 2.4980018054066e-16 0 0 -0.258819045102521 0.431975161761002 -0.863950323522004 0 0.894427190999916 0.447213595499958 0.965925826289068 0.115747395744164 -0.231494791488328 
1 0 0 10 0 -1 0 0 0 -1 1 0 0 
1 0 10 5 0 0.447213595499958 0.894427190999916 0 -0.894427190999916 0.447213595499958 1 0 0 
1 0 0 0 1 0 0 0 0 1 0 -1 0 
1 0 0 0 0 -0.447213595499958 0.894427190999916 0 0.894427190999916 0.447213595499958 -1 0 0 
1 0 10 5 1 0 0 0 0.894427190999916 0.447213595499958 0 -0.447213595499958 0.894427190999916 
1 0 0 0 0 1 0 0 0 1 1 0 0 
1 10 0 0 0.707106781186547 0.707106781186547 0 0.707106781186548 -0.707106781186548 0 0 0 -1 
1 0 0 10 0.258819045102521 0.431975161761002 0.863950323522004 0 0.894427190999916 -0.447213595499958 -0.965925826289068 0.115747395744164 0.231494791488328 
Triangulations 0

TShapes 37
Ve
1e-07
0 0 0
0 0

0101101
*
Ve
1e-07
-5 0 1.4978815219804
0 0

0101101
*
Ed
 1e-07 1 1 0
1  1 0 -1.43487751152881 3.78466739716681
2  1 1 0 -1.43487751152881 3.78466739716681
2  2 2 0 -1.43487751152881 3.78466739716681
0

0101000
+37 0 -36 0 *
Ve
1e-07
0 10 5
0 0

0101101
*
Ve
1e-07
-5 8.5021184780196 5.7489407609902
0 0

0101101
*
Ed
 1e-07 1 1 0
1  2 0 -1.0652479505142 4.20775511390392
2  3 1 0 -1.0652479505142 4.20775511390392
2  4 3 0 -1.0652479505142 4.20775511390392
0

0101000
+34 0 -33 0 *
Ed
 1e-07 1 1 0
1  3 0 0 11.1803398874989
2  5 4 0 0 11.1803398874989
2  6 5 0 0 11.1803398874989
0

0101000
-34 0 +37 0 *
Ed
 1e-07 1 1 0
1  4 3 -4.92029696267167 4.58536047213277
2  7 1 3 -4.92029696267167 4.58536047213277
2  8 6 0 -4.92029696267167 4.58536047213277
0

0101000
+36 3 -33 3 *
Wi

0101000
+35 0 -32 0 -31 0 +30 2 *
Fa
0  1e-07 1 0

0111000
+29 0 *
Ve
1e-07
0 2.22044604925031e-16 10
0 0

0101101
*
Ve
1e-07
0 0 10
0 0

0101101
*
Ed
 1e-07 1 1 0
1  5 0 0 5
0

0101000
+27 0 -26 2 *
Ed
 1e-07 1 1 0
1  6 0 0 8.5021184780196
0

0101000
+26 0 -36 3 *
Ve
1e-07
10 0 0
0 0

0101101
*
Ed
 1e-07 1 1 0
1  7 0 0 10
2  9 7 0 0 10
2  10 5 0 0 10
0

0101000
-23 0 +37 0 *
Ve
1e-07
10 0 7.00423695603919
0 0

0101101
*
Ed
 1e-07 1 1 0
1  8 0 0 7.00423695603919
2  11 8 0 0 7.00423695603919
2  12 7 0 0 7.00423695603919
0

0101000
-21 0 +23 0 *
Ed
 1e-07 1 1 0
1  9 0 -1.43487751152881 9.00421230586242
2  13 7 0 -1.43487751152881 9.00421230586242
2  14 9 0 -1.43487751152881 9.00421230586242
0

0101000
-21 0 +27 0 *
Wi

0101100
+25 0 +24 2 -35 0 +22 0 +20 0 -19 0 *
Fa
0  1e-07 2 0

0111000
+18 0 *
Ed
 1e-07 1 1 0
1  10 0 -2.23606797749979 8.94427190999916
2  15 4 0 -2.23606797749979 8.94427190999916
2  16 9 0 -2.23606797749979 8.94427190999916
0

0101000
-34 0 +27 0 *
Ed
 1e-07 1 1 0
1  11 0 1.67468245269451 11.1803398874989
0

0101000
+33 3 -26 0 *
Wi

0101000
+32 0 -25 0 +16 0 +15 2 *
Fa
0  1e-07 3 0

0111000
+14 0 *
Ed
 1e-07 1 1 0
1  12 0 -3.78178681482895 10.5016639508633
2  17 8 0 -3.78178681482895 10.5016639508633
2  18 9 0 -3.78178681482895 10.5016639508633
0

0101000
-34 0 +21 0 *
Wi

0101000
-16 0 +12 0 +19 0 *
Fa
0  1e-07 9 0

0111000
+11 0 *
Ed
 1e-07 1 1 0
1  13 0 0 15
2  19 8 0 0 15
2  20 5 0 0 15
0

0101000
-34 0 +23 0 *
Wi

0101000
-20 0 -12 0 +9 0 *
Fa
0  1e-07 8 0

0111000
+8 0 *
Wi

0101000
-31 0 +9 0 +22 0 *
Fa
0  1e-07 5 0

0111000
+6 0 *
Wi

0101100
+30 0 +15 0 +24 0 *
Fa
0  1e-07 6 0

0111000
+4 0 *
Sh

0101000
+28 0 +17 0 +13 0 +10 0 +7 0 -5 0 -3 2 *
So

1100000
+2 0 *

+1 1 
0

