DBRep_DrawableShape

CASCADE Topology V1, (c) Matra-Datavision
Locations 5
1
0.90630778703665 0.422618261740699               0               0 
-0.422618261740699 0.90630778703665               0               0 
              0               0               1               0 
1
             -1               0               0               0 
              0               1               0               0 
              0               0              -1              10 
2  1 -1 2 -1 0
2  2 -1 0
2  1 -1 0
Curve2ds 0
Curves 12
1 4 0 0 0 0 1 
1 3.54543639300967 1.13640901747583 7.1432261404014 -0.362370610011847 0.905926525029617 -0.219054039559658 
1 4 0 0 -0.336860768426608 0.842151921066519 0.421075960533259 
1 0 0 0 1 0 0 
1 2.27822549776907 0 8.52941176470588 0.840168050416806 0 -0.542326144546641 
1 4 0 0 0 0 1 
1 0 0 0 1 0 0 
1 2.27822549776907 0 8.52941176470588 0.840168050416806 0 -0.542326144546641 
1 0 2 9 0 0.894427190999916 -0.447213595499958 
1 3.54543639300967 1.13640901747583 7.1432261404014 -0.362370610011847 0.905926525029617 -0.219054039559658 
1 4 0 0 -0.336860768426608 0.842151921066519 0.421075960533259 
1 0 0 0 0 0.894427190999916 0.447213595499958 
Polygon3D 0
PolygonOnTriangulations 0
Surfaces 7
1 4 0 0 0.928476690885259 0.371390676354104 0 -0.371390676354104 0.928476690885259 0 0 0 1 
1 0 0 0 0 1 0 0 0 1 1 0 0 
1 0 0 0 0 -0.447213595499958 0.894427190999916 0 0.894427190999916 0.447213595499958 -1 0 0 
1 0 0 10 0.5 0.387298334620742 0.774596669241483 0 0.894427190999916 -0.447213595499958 -0.866025403784439 0.223606797749979 0.447213595499958 
1 4 0 0 0.928476690885259 0.371390676354104 0 -0.371390676354104 0.928476690885259 0 0 0 1 
1 0 0 0 0 -0.447213595499958 0.894427190999916 0 0.894427190999916 0.447213595499958 -1 0 0 
1 0 0 10 0.5 0.387298334620742 0.774596669241483 0 0.894427190999916 -0.447213595499958 -0.866025403784439 0.223606797749979 0.447213595499958 
Triangulations 0

TShapes 35
Ve
1e-07
-3.6252311481466 1.6904730469628 2.58198889747161
0 0

0101101
*
Ve
1e-07
-3.6252311481466 1.6904730469628 10
0 0

0101101
*
Ed
 1e-07 1 1 0
1  1 0 0 7.41801110252839
0

0101000
-35 3 +34 3 *
Ve
1e-07
4.226182617407 9.0630778703665 5
0 0

0101101
*
Ed
 1e-07 1 1 0
1  2 0 -1.25441631973264 9.78400647031987
0

0101000
-32 3 +35 3 *
Ed
 1e-07 1 1 0
1  3 0 0 11.8743420870379
0

0101000
-32 3 +34 3 *
Wi

0101000
-33 0 -31 0 +30 0 *
Fa
0  1e-07 1 0

0101000
+29 0 *
Ve
1e-07
-9.38401049623171e-17 -2.01240754513032e-16 10
0 0

0101101
*
Ed
 1e-07 1 1 0
1  4 0 0 4
0

0101000
-34 3 +27 3 *
Ve
1e-07
3.6252311481466 -1.6904730469628 7.41801110252839
0 0

0101101
*
Ed
 1e-07 1 1 0
1  5 0 -2.7116307227332 2.04932156296203
0

0101000
-25 5 +27 5 *
Ve
1e-07
3.6252311481466 -1.6904730469628 0
0 0

0101101
*
Ed
 1e-07 1 1 0
1  6 0 0 7.41801110252839
0

0101000
-25 5 +23 5 *
Ve
1e-07
0 0 0
0 0

0101101
*
Ed
 1e-07 1 1 0
1  7 0 0 4
0

0101000
-23 5 +21 5 *
Ed
 1e-07 1 1 0
1  8 0 -2.7116307227332 2.04932156296203
0

0101000
-35 3 +21 3 *
Wi

0101100
-26 2 +24 0 -22 0 -20 0 +19 2 -33 2 *
Fa
0  1e-07 2 0

0101000
+18 4 *
Ed
 1e-07 1 1 0
1  9 0 -2.23606797749979 8.94427190999916
0

0101000
-32 5 +27 5 *
Wi

0101000
-16 4 +30 0 +26 0 *
Fa
0  1e-07 3 0

0101000
+15 0 *
Ed
 1e-07 1 1 0
1  10 0 -1.25441631973264 9.78400647031987
0

0101000
-32 5 +25 5 *
Wi

0101000
-16 0 +13 0 +24 0 *
Fa
0  1e-07 4 0

0101000
+12 0 *
Ed
 1e-07 1 1 0
1  11 0 0 11.8743420870379
0

0101000
-32 5 +23 5 *
Wi

0101000
-22 0 -13 0 +10 0 *
Fa
0  1e-07 5 0

0101000
+9 0 *
Ed
 1e-07 1 1 0
1  12 0 0 11.180339887499
0

0101000
-32 5 +21 5 *
Wi

0101000
-7 0 +10 0 +20 0 *
Fa
0  1e-07 6 0

0101000
+6 0 *
Wi

0101000
-7 4 +31 0 +19 0 *
Fa
0  1e-07 7 0

0101000
+4 0 *
Sh

0101000
+28 2 -17 2 -14 2 +11 0 +8 0 -5 0 +3 2 *
So

1100000
+2 0 *

+1 1 
0

