DBRep_DrawableShape

CASCADE Topology V1, (c) Matra-Datavision
Locations 6
1
0.90630778703665 0.422618261740699               0               0 
-0.422618261740699 0.90630778703665               0               0 
              0               0               1               0 
2  1 -1 0
1
             -1               0               0               0 
              0               1               0               0 
              0               0              -1              10 
2  3 1 1 1 0
2  1 -1 3 -1 0
2  3 -1 0
Curve2ds 0
Curves 12
1 21.130913087035 45.3153893518325 25 -0.414411300657018 -0.888707902196341 -0.196116135138184 
1 20 0 0 -0.336860768426608 0.842151921066519 0.421075960533259 
1 18.126155740733 -8.452365234814 0 -0.72504622962932 0.33809460939256 0.6 
1 20 0 0 0 0 1 
1 0 0 15 -0.90139913884364 0.420329321497111 -0.103936778773074 
1 20 0 -40 0 0 1 
1 0 0 -40 1 0 0 
1 11.3911274888453 0 42.6470588235294 0.840168050416806 0 -0.542326144546641 
1 17.7271819650484 5.68204508737915 35.716130702007 -0.362370610011847 0.905926525029617 -0.219054039559658 
1 17.7271819650484 5.68204508737915 -4.283869297993 -0.362370610011847 0.905926525029617 -0.219054039559658 
1 20 0 -40 -0.336860768426608 0.842151921066519 0.421075960533259 
1 0 10 45 0 0.894427190999916 -0.447213595499958 
Polygon3D 0
PolygonOnTriangulations 0
Surfaces 7
1 21.130913087035 45.3153893518325 25 -0.470185409416256 0.393574287490466 -0.789952505533364 0.414411300657018 0.88870790219634 0.196116135138184 0.779223302179694 -0.235154299982271 -0.580959121229731 
1 18.126155740733 -8.452365234814 0 -0.4226182617407 -0.90630778703665 0 0 0 1 -0.90630778703665 0.4226182617407 0 
1 20 0 0 0.928476690885259 0.371390676354104 0 -0.371390676354104 0.928476690885259 0 0 0 1 
1 20 0 -40 0.928476690885259 0.371390676354104 0 -0.371390676354104 0.928476690885259 0 0 0 1 
1 0 0 50 0.5 0.387298334620742 0.774596669241483 -3.88578058618805e-16 0.894427190999916 -0.447213595499958 -0.866025403784439 0.223606797749979 0.447213595499958 
1 0 0 -40 0 -0.447213595499958 0.894427190999916 0 0.894427190999916 0.447213595499958 -1 0 0 
1 -18.126155740733 8.452365234814 12.9099444873581 0.17483912475266 0.133734125424986 -0.975472431262175 -0.90139913884364 0.420329321497111 -0.103936778773074 0.39611977096286 0.897462224935731 0.194037836170524 
Triangulations 0

TShapes 34
Ve
5e-07
21.130913087035 45.3153893518325 25
0 0

0101101
*
Ve
5e-07
0 0 15
0 0

0101101
*
Ed
 5e-07 1 1 0
1  1 0 0 50.990195135928
0

0101000
+34 0 -33 0 *
Ve
5e-07
18.126155740733 -8.452365234814 0
0 0

0101101
*
Ed
 5e-07 1 1 0
1  2 0 0 59.3717104351895
0

0101000
+31 2 -34 2 *
Ed
 5e-07 1 1 0
1  3 0 0 25
0

0101000
+31 0 -33 0 *
Wi

0101000
-32 0 -30 1 +29 0 *
Fa
0  5e-07 1 0

0111000
+28 0 *
Ve
5e-07
18.126155740733 -8.452365234814 37.090055512642
0 0

0101101
*
Ed
 5e-07 1 1 0
1  4 0 0 37.090055512642
0

0101000
-26 2 +31 2 *
Ve
5e-07
-18.126155740733 8.452365234814 12.9099444873581
0 0

0101101
*
Ed
 5e-07 1 1 0
1  5 0 0 20.1089117568785
0

0101000
+33 0 -24 0 *
Ve
5e-07
-18.126155740733 8.452365234814 50
0 0

0101101
*
Ed
 5e-07 1 1 0
1  6 0 0 37.090055512642
0

0101000
-24 5 +22 5 *
Ve
5e-07
-4.69200524811585e-16 -1.00620377256516e-15 50
0 0

0101101
*
Ed
 5e-07 1 1 0
1  7 0 0 20
0

0101000
-22 5 +20 5 *
Ed
 5e-07 1 1 0
1  8 0 -13.558153613666 10.2466078148101
0

0101000
-26 2 +20 2 *
Wi

0101100
-25 1 +29 0 +23 0 -21 4 -19 4 +18 1 *
Fa
0  5e-07 2 0

0101000
-17 0 *
Ed
 5e-07 1 1 0
1  9 0 -6.2720815986632 48.9200323515993
0

0101000
-34 2 +26 2 *
Wi

0101000
-25 0 -15 0 +30 0 *
Fa
0  5e-07 3 0

0111000
+14 0 *
Ed
 5e-07 1 1 0
1  10 0 -6.2720815986632 48.9200323515993
0

0101000
+24 5 -34 5 *
Ed
 5e-07 1 1 0
1  11 0 0 59.3717104351895
0

0101000
-34 5 +22 5 *
Wi

0101000
-21 0 -12 0 +11 0 *
Fa
0  5e-07 4 0

0111000
+10 0 *
Ed
 5e-07 1 1 0
1  12 0 -11.1803398874989 44.7213595499958
0

0101000
-34 2 +20 2 *
Wi

0101000
-8 0 +15 0 +18 0 *
Fa
0  5e-07 5 0

0111000
+7 0 *
Wi

0101000
-8 6 +11 0 +19 0 *
Fa
0  5e-07 6 0

0111000
+5 0 *
Wi

0101000
+23 0 +12 4 +32 0 *
Fa
0  5e-07 7 0

0111000
+3 0 *
Sh

0101100
+27 0 +16 0 +13 1 +9 4 +6 1 -4 4 +2 0 *

+1 0 
0

