DBRep_DrawableShape

CASCADE Topology V1, (c) Matra-Datavision
Locations 0
Curve2ds 0
Curves 10
1 0 0 0 0.502518907629606 0.703526470681448 0.502518907629606 
1 50 0 0 -0.502518907629606 0.703526470681448 0.502518907629606 
1 0 0 0 1 0 0 
1 50 0 0 0 0 1 
1 0 0 50 1 0 0 
1 0 0 0 0 0 1 
1 0 0 50 0 0 -1 
1 0 0 25 0.581238193719096 0.813733471206735 0 
1 25 35 25 -0.502518907629606 -0.703526470681448 0.502518907629606 
1 50 0 50 -0.502518907629606 0.703526470681448 -0.502518907629606 
Polygon3D 0
PolygonOnTriangulations 0
Surfaces 6
1 0 0 0 0 -0.581238193719096 0.813733471206735 0 0.813733471206735 0.581238193719096 -1 0 0 
1 0 0 0 0 1 0 0 0 1 1 0 0 
1 25 35 25 0.813733471206735 -0.581238193719096 0 0.581238193719096 0.813733471206735 0 0 0 1 
1 0 0 0 0.813733471206735 -0.581238193719096 0 0 0 -1 0.581238193719096 0.813733471206735 0 
1 50 0 0 0.813733471206735 0.581238193719096 0 -0.581238193719096 0.813733471206735 0 0 0 1 
1 0 0 50 0 0.581238193719096 0.813733471206735 0 0.813733471206735 -0.581238193719096 -1 0 0 
Triangulations 0

TShapes 29
Ve
5e-07
0 0 0
0 0

0101101
*
Ve
5e-07
25 35 25
0 0

0101101
*
Ed
 1e-07 1 1 0
1  1 0 0 49.749371855331
0

0101000
+29 0 -28 0 *
Ve
5e-07
50 0 0
0 0

0101101
*
Ed
 5e-07 1 1 0
1  2 0 0 49.749371855331
0

0101000
-28 0 +26 0 *
Ed
 5e-07 1 1 0
1  3 0 0 50
0

0101000
-26 0 +29 0 *
Wi

0101000
-27 0 +25 0 +24 0 *
Fa
0  5e-07 1 0

0101000
+23 0 *
Ve
5e-07
50 0 50
0 0

0101101
*
Ed
 5e-07 1 1 0
1  4 0 0 50
0

0101000
-21 0 +26 0 *
Ve
5e-07
0 0 50
0 0

0101101
*
Ed
 5e-07 1 1 0
1  5 0 0 50
0

0101000
-21 0 +19 0 *
Ve
1e-07
0 0 25
0 0

0101101
*
Ed
 5e-07 1 1 0
1  6 0 0 25
0

0101000
+29 0 -17 0 *
Ed
 1e-07 1 1 0
1  7 0 0 25
0

0101000
+19 0 -17 0 *
Wi

0101000
-24 0 -20 0 +18 0 +16 0 -15 0 *
Fa
0  5e-07 2 0

0101000
+14 0 *
Ed
 1e-07 1 1 0
1  8 0 0 43.0116263352131
4 G1 3 0 4 0
0

0101000
+17 0 -28 0 *
Ed
 1e-07 1 1 0
1  9 0 0 49.749371855331
0

0101000
+28 0 -19 0 *
Wi

0101000
+12 0 +11 0 +15 0 *
Fa
0  1e-07 3 0

0101000
+10 0 *
Ed
 5e-07 1 1 0
1  10 0 0 49.749371855331
0

0101000
-28 0 +21 0 *
Wi

0101000
-20 0 -8 0 +25 0 *
Fa
0  5e-07 5 0

0111000
+7 0 *
Wi

0101000
-16 0 +27 0 -12 0 *
Fa
0  1e-07 4 0

0101000
+5 0 *
Wi

0101000
+11 0 +8 0 +18 0 *
Fa
0  5e-07 6 0

0101000
+3 0 *
Sh

0101100
+22 0 +13 0 +9 0 -6 0 +4 0 -2 0 *

+1 0 
0

