DBRep_DrawableShape

CASCADE Topology V1, (c) Matra-Datavision
Locations 3
1
0.939692620785908 0.342020143325669               0               0 
-0.342020143325669 0.939692620785908               0               0 
              0               0               1               0 
1
              1               0               0              -3 
              0               1               0               0 
              0               0               1               0 
2  2 -1 0
Curve2ds 20
8 -2.7116307227332 0.859083491538223
1 0.657667052205821 -2.63066820882328 0.242535625036333 -0.970142500145332 
8 -2.7116307227332 0.859083491538223
1 8.52941176470588 -2.27822549776907 -0.542326144546641 -0.840168050416806 
8 -1.9628397097133 1.73682243702388
1 10.4911408533381 -1.83786409109572 -0.351123441588392 -0.936329177569044 
8 -1.9628397097133 1.73682243702388
1 1.14866505693482 -1.59163699159209 0.585205735980653 -0.810884854079383 
1 0 0 0.447213595499958 -0.894427190999916 
1 0 0 1 0 
8 -4.72414453996504 4.29113183807282
1 5.59016994374947 -3.46410161513776 1 0 
8 -4.72414453996504 4.29113183807282
1 -5.59016994374947 1.73205080756888 1 0 
1 0 0 0 1 
1 0 0 0 -1 
1 0 0 0 -1 
1 0 10 1 0 
8 -2.7116307227332 9.19074999150488
1 8.52941176470588 2.27822549776907 -0.542326144546641 0.840168050416806 
8 -2.7116307227332 9.19074999150488
1 0.657667052205821 -2.63066820882328 0.242535625036333 -0.970142500145332 
8 0 15
1 0 0 -0.942809041582063 -0.333333333333333 
8 0 15
1 0 -10 0.74535599249993 0.666666666666667 
8 -3.66587440774529 10.550909484186
1 -3.64662594915873 -3.92020019705209 -0.994749285860448 -0.102341869633736 
8 -3.66587440774529 10.550909484186
1 5.02529788459926 -8.56954776438209 0.583366013339898 0.812209390785353 
8 -2.23606797749979 8.94427190999916
1 9 -2 -0.447213595499958 -0.894427190999916 
8 -2.23606797749979 8.94427190999916
1 2.23606797749979 -5.55111512312578e-17 1 2.77555756156289e-17 
Curves 13
1 -2.27822549776907 0 1.47058823529412 -0.840168050416806 0 0.542326144546641 
1 -1.59163699159209 8.97260273972603 5.51369863013699 -0.810884854079383 -0.523423922590214 0.261711961295107 
1 0 0 0 0 0.894427190999916 0.447213595499958 
1 -3 4.22540333075852 4.04919333848297 0 0.894427190999916 0.447213595499958 
1 0 0 0 1 0 0 
1 10 0 0 0 0 1 
1 2.27822549776907 0 8.52941176470588 0.840168050416806 0 -0.542326144546641 
1 0 0 10 -1 0 0 
1 0 0 10 0 0 -1 
1 10 0 0 -0.666666666666667 0.666666666666667 0.333333333333333 
1 7.42144606289903 2.57855393710096 3.92020019705209 -0.703393965612398 0.703393965612398 0.102341869633736 
1 0 2 9 0 0.894427190999916 -0.447213595499958 
1 0 10 5 0 -0.894427190999916 0.447213595499958 
Polygon3D 0
PolygonOnTriangulations 0
Surfaces 9
1 4.9960036108132e-16 0 -1.11022302462516e-16 -0.5 0.387298334620742 -0.774596669241483 0 0.894427190999916 0.447213595499958 0.866025403784438 0.223606797749979 -0.447213595499958 
1 0 0 10 0 -1 0 0 0 -1 1 0 0 
1 0 10 5 0 0.447213595499958 0.894427190999916 0 -0.894427190999916 0.447213595499958 1 0 0 
1 0 0 0 1 0 0 0 0 1 0 -1 0 
1 0 0 0 0 -0.447213595499958 0.894427190999916 0 0.894427190999916 0.447213595499958 -1 0 0 
1 0 10 5 1 0 0 0 0.894427190999916 0.447213595499958 0 -0.447213595499958 0.894427190999916 
1 0 0 0 0 1 0 0 0 1 1 0 0 
1 10 0 0 0.707106781186547 0.707106781186547 0 0.707106781186548 -0.707106781186548 0 0 0 -1 
1 0 0 10 0.5 0.387298334620742 0.774596669241483 0 0.894427190999916 -0.447213595499958 -0.866025403784439 0.223606797749979 0.447213595499958 
Triangulations 0

TShapes 37
Ve
1e-07
0 0 0
0 0

0101101
*
Ve
1e-07
-3 0 1.93649167310371
0 0

0101101
*
Ed
 1e-07 1 1 0
1  1 0 -2.7116307227332 0.859083491538223
2  1 1 0 -2.7116307227332 0.859083491538223
2  2 2 0 -2.7116307227332 0.859083491538223
0

0101000
+37 0 -36 0 *
Ve
1e-07
0 10 5
0 0

0101101
*
Ve
1e-07
-3 8.06350832689629 5.96824583655186
0 0

0101101
*
Ed
 1e-07 1 1 0
1  2 0 -1.9628397097133 1.73682243702388
2  3 1 0 -1.9628397097133 1.73682243702388
2  4 3 0 -1.9628397097133 1.73682243702388
0

0101000
+34 0 -33 0 *
Ed
 1e-07 1 1 0
1  3 0 0 11.1803398874989
2  5 4 0 0 11.1803398874989
2  6 5 0 0 11.1803398874989
0

0101000
-34 0 +37 0 *
Ed
 1e-07 1 1 0
1  4 3 -4.72414453996504 4.29113183807282
2  7 1 3 -4.72414453996504 4.29113183807282
2  8 6 0 -4.72414453996504 4.29113183807282
0

0101000
+36 3 -33 3 *
Wi

0101000
+35 0 -32 0 -31 0 +30 2 *
Fa
0  1e-07 1 0

0111000
+29 0 *
Ve
1e-07
10 0 0
0 0

0101101
*
Ed
 1e-07 1 1 0
1  5 0 0 10
2  9 7 0 0 10
2  10 5 0 0 10
0

0101000
-27 0 +37 0 *
Ve
1e-07
10 0 3.54502775632097
0 0

0101101
*
Ed
 1e-07 1 1 0
1  6 0 0 3.54502775632097
2  11 8 0 0 3.54502775632097
2  12 7 0 0 3.54502775632097
0

0101000
-25 0 +27 0 *
Ve
1e-07
0 -2.22044604925031e-16 10
0 0

0101101
*
Ed
 1e-07 1 1 0
1  7 0 -2.7116307227332 9.19074999150488
2  13 7 0 -2.7116307227332 9.19074999150488
2  14 9 0 -2.7116307227332 9.19074999150488
0

0101000
-25 0 +23 0 *
Ve
1e-07
0 0 10
0 0

0101101
*
Ed
 1e-07 1 1 0
1  8 0 0 3
0

0101000
+23 0 -21 2 *
Ed
 1e-07 1 1 0
1  9 0 0 8.06350832689629
0

0101000
+21 0 -36 3 *
Wi

0101100
+26 0 +24 0 -22 0 +20 0 +19 2 -35 0 *
Fa
0  1e-07 2 0

0111000
+18 0 *
Ed
 1e-07 1 1 0
1  10 0 0 15
2  15 8 0 0 15
2  16 5 0 0 15
0

0101000
-34 0 +27 0 *
Wi

0101000
-31 0 +16 0 +26 0 *
Fa
0  1e-07 5 0

0111000
+15 0 *
Ed
 1e-07 1 1 0
1  11 0 -3.66587440774529 10.550909484186
2  17 8 0 -3.66587440774529 10.550909484186
2  18 9 0 -3.66587440774529 10.550909484186
0

0101000
-34 0 +25 0 *
Wi

0101000
-24 0 -13 0 +16 0 *
Fa
0  1e-07 8 0

0111000
+12 0 *
Ed
 1e-07 1 1 0
1  12 0 -2.23606797749979 8.94427190999916
2  19 4 0 -2.23606797749979 8.94427190999916
2  20 9 0 -2.23606797749979 8.94427190999916
0

0101000
-34 0 +23 0 *
Wi

0101000
-10 0 +13 0 +22 0 *
Fa
0  1e-07 9 0

0111000
+9 0 *
Ed
 1e-07 1 1 0
1  13 0 2.1650635094611 11.1803398874989
0

0101000
+33 3 -21 0 *
Wi

0101000
+32 0 -20 0 +10 0 +7 2 *
Fa
0  1e-07 3 0

0111000
+6 0 *
Wi

0101100
+30 0 +7 0 +19 0 *
Fa
0  1e-07 6 0

0111000
+4 0 *
Sh

0101000
+28 0 +17 0 -14 0 +11 0 +8 0 +5 0 -3 2 *
So

1100000
+2 0 *

+1 1 
0

