DBRep_DrawableShape

CASCADE Topology V1, (c) Matra-Datavision
Locations 132
1
              1               0               0              10 
              0               1               0              10 
              0               0               1             -50 
1
0.766044443118978 -0.642787609686539               0 43.8371583283781 
0.642787609686539 0.766044443118978               0 -20.4416026402759 
              0               0               1               0 
2  2 -1 0
1
0.766044443118978 -0.642787609686539               0 11.6977778440511 
0.642787609686539 0.766044443118978               0 -32.139380484327 
              0               0               1               0 
2  4 -1 0
1
0.642787609686539 -0.766044443118978               0 0.357212390313461 
0.766044443118978 0.642787609686539               0 -0.766044443118978 
              0               0               1               0 
2  6 -1 0
1
0.642787609686539 -0.766044443118978               0 0.766044443118978 
0.766044443118978 0.642787609686539               0 0.357212390313461 
              0               0               1               0 
2  8 -1 0
1
0.642787609686539 -0.766044443118978               0 11.2325683343244 
0.766044443118978 0.642787609686539               0 -4.08832052805517 
              0               0               1               0 
2  10 -1 0
1
0.642787609686539 -0.766044443118978               0 11.2325683343244 
0.766044443118978 0.642787609686539               0 -4.08832052805517 
              0               0               1               0 
2  12 -1 0
1
0.766044443118978               0 0.642787609686539 70.1866670643066 
              0               1               0               0 
-0.642787609686539               0 0.766044443118978 192.836282905962 
2  14 -1 0
1
0.984807753012208               0 0.17364817766693 4.55767409633762 
              0               1               0               0 
-0.17364817766693               0 0.984807753012208 52.0944533000791 
2  16 -1 0
1
0.984807753012208               0 0.17364817766693 2.27883704816881 
              0               1               0               0 
-0.17364817766693               0 0.984807753012208 26.0472266500396 
2  18 -1 0
1
0.984807753012208               0 0.17364817766693 -15.8455930679138 
              0               1               0               0 
-0.17364817766693               0 0.984807753012208 18.8840424654722 
2  20 -1 0
1
0.992403876506104 0.00759612349389599 0.122787803968973 -0.759612349389599 
0.00759612349389599 0.992403876506104 -0.122787803968973 0.759612349389599 
-0.122787803968973 0.122787803968973 0.984807753012208 -12.2787803968973 
2  22 -1 0
1
              1               0               0              -3 
              0               1               0               0 
              0               0               1               0 
2  24 -1 0
1
              1               0               0               0 
              0               1               0               0 
              0               0               1              50 
2  26 -1 0
1
              1               0               0               0 
              0               1               0              10 
              0               0               1             -50 
2  28 -1 0
1
              1               0               0               0 
              0               1               0               0 
              0               0               1              50 
2  30 -1 0
1
              1               0               0               0 
              0               1               0               1 
              0               0               1              50 
2  32 -1 0
1
              1               0               0               0 
              0               1               0               2 
              0               0               1              50 
2  34 -1 0
1
              1               0               0               0 
              0               1               0              10 
              0               0               1              50 
2  36 -1 0
1
              1               0               0               0 
              0               1               0             -20 
              0               0               1              50 
2  38 -1 0
1
              1               0               0               0 
              0               1               0              10 
              0               0               1              50 
2  40 -1 0
1
              1               0               0               0 
              0               1               0              10 
              0               0               1             -50 
2  42 -1 0
1
              1               0               0               0 
              0               1               0               0 
              0               0               1              50 
2  44 -1 0
1
              1               0               0             -10 
              0               1               0             -10 
              0               0               1             -50 
2  46 -1 0
1
              1               0               0             -10 
              0               1               0             -10 
              0               0               1              50 
2  48 -1 0
1
              1               0               0             -10 
              0               1               0              10 
              0               0               1             -50 
2  50 -1 0
1
              1               0               0             -10 
              0               1               0             -10 
              0               0               1              50 
2  52 -1 0
1
              1               0               0             -10 
              0               1               0              -5 
              0               0               1             -50 
2  54 -1 0
1
              1               0               0               0 
              0               1               0               0 
              0               0               1              50 
2  56 -1 0
1
              1               0               0              10 
              0               1               0               0 
              0               0               1              50 
2  58 -1 0
1
              1               0               0             -10 
              0               1               0               0 
              0               0               1              50 
2  60 -1 0
1
              1               0               0              10 
              0               1               0               0 
              0               0               1              50 
2  62 -1 0
1
              1               0               0              20 
              0               1               0               0 
              0               0               1             -50 
2  64 -1 0
1
              1               0               0              30 
              0               1               0               0 
              0               0               1              50 
2  66 -1 0
1
              1               0               0              30 
              0               1               0               0 
              0               0               1             -50 
2  68 -1 0
1
              1               0               0              30 
              0               1               0               0 
              0               0               1             -30 
2  70 -1 0
1
              1               0               0              30 
              0               1               0             -10 
              0               0               1              30 
2  72 -1 0
1
              1               0               0              10 
              0               1               0              10 
              0               0               1              50 
2  74 -1 0
1
              1               0               0              30 
              0               1               0              10 
              0               0               1             -50 
2  76 -1 0
1
              1               0               0              10 
              0               1               0              10 
              0               0               1              50 
2  78 -1 0
1
              1               0               0               0 
              0               1               0               0 
              0               0               1              50 
2  80 -1 0
2  1 -1 0
1
              1               0               0               0 
              0               1               0              10 
              0               0               1              50 
2  83 -1 0
1
0.766044443118978               0 0.642787609686539 23.3955556881022 
              0               1               0               0 
-0.642787609686539               0 0.766044443118978 64.2787609686539 
2  85 -1 0
1
            0.5               0 0.866025403784439              50 
              0               1               0               0 
-0.866025403784439               0             0.5 86.6025403784439 
2  87 -1 0
1
0.984807753012208               0 0.17364817766693 1.5192246987792 
              0               1               0               0 
-0.17364817766693               0 0.984807753012208 17.364817766693 
2  89 -1 0
1
0.984807753012208               0 0.17364817766693 1.5192246987792 
              0               1               0               0 
-0.17364817766693               0 0.984807753012208 17.364817766693 
2  91 -1 0
1
0.984807753012208               0 0.17364817766693 1.5192246987792 
              0               1               0               0 
-0.17364817766693               0 0.984807753012208 17.364817766693 
2  93 -1 0
1
0.984807753012208               0 0.17364817766693 1.5192246987792 
              0               1               0               0 
-0.17364817766693               0 0.984807753012208 17.364817766693 
2  95 -1 0
1
0.984807753012208               0 0.17364817766693 1.5192246987792 
              0               1               0               0 
-0.17364817766693               0 0.984807753012208 17.364817766693 
2  97 -1 0
1
0.984807753012208               0 0.17364817766693 1.5192246987792 
              0               1               0               0 
-0.17364817766693               0 0.984807753012208 17.364817766693 
2  99 -1 0
1
0.342020143325669               0 0.939692620785908 65.7979856674331 
              0               1               0               0 
-0.939692620785908               0 0.342020143325669 93.9692620785908 
2  101 -1 0
1
           -0.5               0 0.866025403784439             150 
              0               1               0               0 
-0.866025403784439               0            -0.5 86.6025403784439 
2  103 -1 0
1
              0               0               1             100 
              0               1               0               0 
             -1               0               0             100 
2  105 -1 0
1
0.984807753012208               0 -0.17364817766693 1.5192246987792 
              0               1               0               0 
0.17364817766693               0 0.984807753012208 -17.364817766693 
2  107 -1 0
1
0.642787609686539               0 -0.766044443118978 35.7212390313461 
              0               1               0               0 
0.766044443118978               0 0.642787609686539 -76.6044443118978 
2  109 -1 0
1
              0               0              -1             100 
              0               1               0               0 
              1               0               0            -100 
2  111 -1 0
1
             -1               0               0             200 
              0               1               0               0 
              0               0              -1               0 
2  113 -1 0
1
0.996194698091746               0 0.0871557427476582 0.380530190825439 
              0               1               0               0 
-0.0871557427476582               0 0.996194698091746 8.71557427476582 
2  115 -1 0
1
0.866025403784439               0             0.5 13.3974596215561 
              0               1               0               0 
           -0.5               0 0.866025403784439              50 
2  117 -1 0
1
0.866025403784439               0            -0.5 13.3974596215561 
              0               1               0               0 
            0.5               0 0.866025403784439             -50 
2  119 -1 0
1
0.642787609686539               0 -0.766044443118978 35.7212390313461 
              0               1               0               0 
0.766044443118978               0 0.642787609686539 -76.6044443118978 
2  121 -1 0
1
           -0.5               0 -0.866025403784439             150 
              0               1               0               0 
0.866025403784439               0            -0.5 -86.6025403784439 
2  123 -1 0
1
0.642787609686539 -0.766044443118978               0               0 
0.766044443118978 0.642787609686539               0               0 
              0               0               1               0 
2  125 -1 0
1
0.642787609686539 -0.766044443118978               0               0 
0.766044443118978 0.642787609686539               0               0 
              0               0               1               0 
2  127 -1 0
1
0.866025403784439            -0.5               0               0 
            0.5 0.866025403784439               0               0 
              0               0               1               0 
2  129 -1 0
1
0.984807753012208               0 0.17364817766693               0 
              0               1               0               0 
-0.17364817766693               0 0.984807753012208               0 
2  131 -1 0
Curve2ds 506
1 0 0 0 -1 
1 1 0 0 -1 
1 1 0 0 -1 
1 0 0 0 -1 
1 0 0 0 1 
1 0.698131700797732 0 0 1 
1 0 0 0 1 
1 0.698131700797732 0 0 1 
1 0 0 0 1 
1 0 0 0 1 
1 0.872664625997165 0 0 1 
1 0 0 0 1 
1 0.872664625997165 0 0 1 
1 0 0 0 1 
1 0 0 0 1 
1 0 0 0 1 
1 0.872664625997165 0 0 1 
1 0 0 0 1 
1 0.872664625997165 0 0 1 
1 0 0 0 1 
1 0 0 0 1 
1 0 0 0 1 
1 0 0 0 1 
1 0 0 0 1 
1 0.698131700797732 0 0 1 
1 0 0 0 1 
1 0.174532925199433 0 0 1 
1 0 0 0 1 
1 0 0 0 1 
1 0.174532925199433 0 0 1 
1 0 0 0 1 
1 0 0 0 1 
1 0 0 0 1 
1 0 0 0 1 
1 0.174532925199433 0 0 1 
1 0 0 0 1 
1 0 0 0 1 
1 0 0 0 1 
1 0 0 0 1 
1 0 0 0 1 
1 0 0 0 1 
1 0 0 0 1 
1 0 0 0 1 
1 0.174532925199433 0 0 1 
6 0 2 0 0  50.9901951359278 1.77635683940025e-15  98.058067569092 19.6116135138184  
1 0 0 0 1 
1 0 0 0 1 
1 0 0 0 1 
1 0 0 0 1 
1 0 0 0 1 
1 0 0 0 1 
1 0 0 1 0 
1 0 -3 1 0 
1 0 0 1 0 
1 0 -50 1 0 
1 0 0 1 0 
1 0 -50.9901951359278 1 0 
1 0 0 1 0 
1 0 -50 1 0 
1 0 0 1 0 
1 0 -50.0099990001999 1 0 
1 0 0 1 0 
1 0 -50.0399840127872 1 0 
1 0 0 1 0 
1 0 -50.9901951359278 1 0 
1 0 0 1 0 
1 0 -53.851648071345 1 0 
1 0 0 1 0 
1 0 -50.9901951359278 1 0 
1 0 0 1 0 
1 0 -50.9901951359278 1 0 
1 0 0 1 0 
1 0 -50 1 0 
1 0 0 1 0 
1 0 -51.9615242270663 1 0 
1 0 0 1 0 
1 0 0 1 0 
1 0 -51.9615242270663 1 0 
1 0 0 1 0 
1 0 -51.9615242270663 1 0 
1 0 0 1 0 
1 0 -51.9615242270663 1 0 
1 0 0 1 0 
1 0 -51.234753829798 1 0 
1 0 0 1 0 
1 0 -50 1 0 
1 0 0 1 0 
1 0 -50.9901951359278 1 0 
1 0 0 1 0 
1 0 -50.9901951359278 1 0 
1 0 0 1 0 
1 0 -50.9901951359278 1 0 
1 0 0 1 0 
1 0 -53.851648071345 1 0 
1 0 0 1 0 
1 0 -58.309518948453 1 0 
1 0 0 1 0 
1 0 -58.309518948453 1 0 
1 0 0 1 0 
1 0 -42.4264068711929 1 0 
1 0 0 1 0 
1 0 -43.5889894354067 1 0 
1 0 0 1 0 
1 0 -51.9615242270663 1 0 
1 0 0 1 0 
1 0 -59.1607978309962 1 0 
1 0 0 1 0 
1 0 -51.9615242270663 1 0 
1 0 0 1 0 
1 0 -50 1 0 
1 0 0 1 0 
1 0 -51.9615242270663 1 0 
1 0 0 1 0 
1 0 -50.9901951359278 1 0 
1 1 0 0 -1 
1 0 0 0 -1 
1 0 0 0 1 
1 0.698131700797732 0 0 1 
1 0 0 0 1 
1 0.698131700797732 0 0 1 
1 0 0 0 1 
1 0 0 0 1 
1 0.872664625997165 0 0 1 
1 0 0 0 1 
1 0.872664625997165 0 0 1 
1 0 0 0 1 
1 0 0 0 1 
1 0 0 0 1 
1 0.872664625997165 0 0 1 
1 0 0 0 1 
1 0.872664625997165 0 0 1 
1 0 0 0 1 
1 0.698131700797732 0 0 1 
6 0 2 -19.6116135138184 98.058067569092  9.8058067569092 52.9513564873097  0 0  
1 0 0 0 1 
1 1.0471975511966 0 0 1 
6 0 2 -19.6116135138184 98.058067569092  9.8058067569092 52.9513564873097  0 0  
1 0 0 0 1 
1 0.174532925199433 0 0 1 
6 0 2 -19.6116135138184 98.058067569092  9.8058067569092 52.9513564873097  0 0  
1 0 0 0 1 
1 0.174532925199433 0 0 1 
6 0 2 -19.6116135138184 98.058067569092  9.8058067569092 52.9513564873097  0 0  
1 0 0 0 1 
1 0.698131700797732 0 0 1 
1 0 0 0 1 
1 0.174532925199433 0 0 1 
1 0 0 0 1 
1 0.174532925199433 0 0 1 
6 0 2 -19.6116135138184 98.058067569092  9.8058067569092 52.9513564873097  0 0  
1 0 0 0 1 
1 0.174532925199433 0 0 1 
1 0 0 0 1 
1 0 0 0 1 
1 0.174532925199433 0 0 1 
6 0 2 -19.6116135138184 98.058067569092  9.8058067569092 52.9513564873097  0 0  
1 0 0 0 1 
1 0.174532925199433 0 0 1 
6 0 2 -19.6116135138184 98.058067569092  9.8058067569092 52.9513564873097  0 0  
1 0 0 0 1 
1 0.174532925199433 0 0 1 
1 0 0 0 1 
1 0.174532925199433 0 0 1 
6 0 2 -19.6116135138184 98.058067569092  9.8058067569092 52.9513564873097  0 0  
1 0 0 0 1 
1 1.22173047639603 0 0 1 
6 0 2 -19.6116135138184 98.058067569092  9.8058067569092 52.9513564873097  0 0  
1 0 0 0 1 
1 2.0943951023932 0 0 1 
6 0 2 -19.6116135138184 98.058067569092  9.8058067569092 52.9513564873097  0 0  
1 0 0 0 1 
1 1.5707963267949 0 0 1 
6 0 2 -19.6116135138184 98.058067569092  9.8058067569092 52.9513564873097  0 0  
1 0 0 0 1 
1 0.174532925199433 0 0 1 
6 0 2 -19.6116135138184 98.058067569092  9.8058067569092 52.9513564873097  0 0  
1 0 0 0 1 
1 0.872664625997165 0 0 1 
6 0 2 -19.6116135138184 98.058067569092  9.8058067569092 52.9513564873097  0 0  
1 0 0 0 1 
1 1.5707963267949 0 0 1 
6 0 2 -19.6116135138184 98.058067569092  9.8058067569092 52.9513564873097  0 0  
1 0 0 0 1 
1 0 0 0 1 
1 3.14159265358979 0 0 1 
6 0 2 -19.6116135138184 98.058067569092  9.8058067569092 52.9513564873097  0 0  
1 0 0 0 1 
1 0.0872664625997165 0 0 1 
6 0 2 -19.6116135138184 98.058067569092  9.8058067569092 52.9513564873097  0 0  
1 0 0 0 1 
1 0.523598775598299 0 0 1 
6 0 2 -19.6116135138184 98.058067569092  9.8058067569092 52.9513564873097  0 0  
1 0 0 0 1 
1 0.523598775598299 0 0 1 
6 0 2 -19.6116135138184 98.058067569092  9.8058067569092 52.9513564873097  0 0  
1 0 0 0 1 
1 0.872664625997165 0 0 1 
6 0 2 -19.6116135138184 98.058067569092  9.8058067569092 52.9513564873097  0 0  
1 0 0 0 1 
1 2.0943951023932 0 0 1 
6 0 2 -19.6116135138184 98.058067569092  9.8058067569092 52.9513564873097  0 0  
1 0 0 1 0 
1 0 -3 1 0 
1 0 0 1 0 
1 0 -50 1 0 
1 0 0 1 0 
1 0 -50.9901951359278 1 0 
1 0 0 1 0 
1 0 -50 1 0 
1 0 0 1 0 
1 0 -50.0099990001999 1 0 
1 0 0 1 0 
1 0 -50.0399840127872 1 0 
1 0 0 1 0 
1 0 -50.9901951359278 1 0 
1 0 0 1 0 
1 0 -53.851648071345 1 0 
1 0 0 1 0 
1 0 -50.9901951359278 1 0 
1 0 0 1 0 
1 0 -50.9901951359278 1 0 
1 0 0 1 0 
1 0 -50 1 0 
1 0 0 1 0 
1 0 -51.9615242270663 1 0 
1 0 0 1 0 
1 0 0 1 0 
1 0 -51.9615242270663 1 0 
1 0 0 1 0 
1 0 -51.9615242270663 1 0 
1 0 0 1 0 
1 0 -51.9615242270663 1 0 
1 0 0 1 0 
1 0 -51.234753829798 1 0 
1 0 0 1 0 
1 0 -50 1 0 
1 0 0 1 0 
1 0 -50.9901951359278 1 0 
1 0 0 1 0 
1 0 -50.9901951359278 1 0 
1 0 0 1 0 
1 0 -50.9901951359278 1 0 
1 0 0 1 0 
1 0 -53.851648071345 1 0 
1 0 0 1 0 
1 0 -58.309518948453 1 0 
1 0 0 1 0 
1 0 -58.309518948453 1 0 
1 0 0 1 0 
1 0 -42.4264068711929 1 0 
1 0 0 1 0 
1 0 -43.5889894354067 1 0 
1 0 0 1 0 
1 0 -51.9615242270663 1 0 
1 0 0 1 0 
1 0 -59.1607978309962 1 0 
1 0 0 1 0 
1 0 -51.9615242270663 1 0 
1 0 0 1 0 
1 0 -50 1 0 
1 0 0 1 0 
1 0 -51.9615242270663 1 0 
1 0 0 1 0 
1 0 -50.9901951359278 1 0 
1 1 0 0 -1 
1 0 0 0 -1 
1 0 0 0 1 
1 0.698131700797732 0 0 1 
1 0 0 0 1 
1 0.698131700797732 0 0 1 
1 0 0 0 1 
1 0.872664625997165 0 0 1 
6 0 2 78.4464540552736 117.66968108291  29.4174202707276 107.863874326001  -19.6116135138184 98.058067569092  
1 0 0 0 1 
1 0.872664625997165 0 0 1 
1 0 0 0 1 
1 0.872664625997165 0 0 1 
1 0 0 0 1 
1 0.872664625997165 0 0 1 
6 0 2 78.4464540552736 117.66968108291  29.4174202707276 107.863874326001  -19.6116135138184 98.058067569092  
1 0 0 0 1 
1 0.523598775598299 0 0 1 
6 0 2 78.4464540552736 117.66968108291  29.4174202707276 107.863874326001  -19.6116135138184 98.058067569092  
1 0 0 0 1 
1 0.872664625997165 0 0 1 
1 0 0 0 1 
1 0.872664625997165 0 0 1 
1 0 0 0 1 
1 0 0 0 1 
1 0 0 0 1 
1 0 0 0 1 
1 0 0 0 1 
1 0.698131700797732 0 0 1 
1 0 0 0 1 
1 0.174532925199433 0 0 1 
1 0 0 0 1 
1 0 0 0 1 
1 0.174532925199433 0 0 1 
1 0 0 0 1 
1 0 0 0 1 
1 0 0 0 1 
1 0 0 0 1 
1 0.174532925199433 0 0 1 
1 0 0 0 1 
1 0 0 0 1 
1 0 0 0 1 
1 0 0 0 1 
1 0 0 0 1 
1 0 0 0 1 
1 0 0 0 1 
1 0 0 0 1 
1 0 0 0 1 
1 0 0 0 1 
1 0 0 0 1 
1 0 0 0 1 
1 0 0 0 1 
1 0 0 0 1 
1 0 0 1 0 
1 0 -3 1 0 
1 0 0 1 0 
1 0 -50 1 0 
1 0 0 1 0 
1 0 -50.9901951359278 1 0 
1 0 0 1 0 
1 0 -50 1 0 
1 0 0 1 0 
1 0 -50.0099990001999 1 0 
1 0 0 1 0 
1 0 -50.0399840127872 1 0 
1 0 0 1 0 
1 0 -50.9901951359278 1 0 
1 0 0 1 0 
1 0 -53.851648071345 1 0 
1 0 0 1 0 
1 0 -50.9901951359278 1 0 
1 0 0 1 0 
1 0 -50.9901951359278 1 0 
1 0 0 1 0 
1 0 -50 1 0 
1 0 0 1 0 
1 0 -51.9615242270663 1 0 
1 0 0 1 0 
1 0 0 1 0 
1 0 -51.9615242270663 1 0 
1 0 0 1 0 
1 0 -51.9615242270663 1 0 
1 0 0 1 0 
1 0 -51.9615242270663 1 0 
1 0 0 1 0 
1 0 -51.234753829798 1 0 
1 0 0 1 0 
1 0 -50 1 0 
1 0 0 1 0 
1 0 -50.9901951359278 1 0 
1 0 0 1 0 
1 0 -50.9901951359278 1 0 
1 0 0 1 0 
1 0 -50.9901951359278 1 0 
1 0 0 1 0 
1 0 -53.851648071345 1 0 
1 0 0 1 0 
1 0 -58.309518948453 1 0 
1 0 0 1 0 
1 0 -58.309518948453 1 0 
1 0 0 1 0 
1 0 -42.4264068711929 1 0 
1 0 0 1 0 
1 0 -43.5889894354067 1 0 
1 0 0 1 0 
1 0 -51.9615242270663 1 0 
1 0 0 1 0 
1 0 -59.1607978309962 1 0 
1 0 0 1 0 
1 0 -51.9615242270663 1 0 
1 0 0 1 0 
1 0 -50 1 0 
1 0 0 1 0 
1 0 -51.9615242270663 1 0 
1 0 0 1 0 
1 0 -50.9901951359278 1 0 
1 0 0 0 1 
1 0.698131700797732 0 0 1 
1 0 0 0 1 
1 0.698131700797732 0 0 1 
1 0 0 0 1 
1 0.872664625997165 0 0 1 
6 0 2 98.058067569092 19.6116135138184  68.6406472983644 64.7183245956007  78.4464540552736 117.66968108291  
1 0 0 0 1 
1 0.872664625997165 0 0 1 
1 0 0 0 1 
1 0.872664625997165 0 0 1 
1 0 0 0 1 
1 0.872664625997165 0 0 1 
6 0 2 98.058067569092 19.6116135138184  68.6406472983644 64.7183245956007  78.4464540552736 117.66968108291  
1 0 0 0 1 
1 0.523598775598299 0 0 1 
6 0 2 98.058067569092 19.6116135138184  68.6406472983644 64.7183245956007  78.4464540552736 117.66968108291  
1 0 0 0 1 
1 0.872664625997165 0 0 1 
1 0 0 0 1 
1 0.872664625997165 0 0 1 
1 0 0 0 1 
1 0 0 0 1 
1 0 0 0 1 
1 0 0 0 1 
1 0 0 0 1 
1 0.698131700797732 0 0 1 
1 0 0 0 1 
1 0.174532925199433 0 0 1 
1 0 0 0 1 
1 0 0 0 1 
1 0.174532925199433 0 0 1 
1 0 0 0 1 
1 0.174532925199433 0 0 1 
6 0 2 98.058067569092 19.6116135138184  68.6406472983644 64.7183245956007  78.4464540552736 117.66968108291  
1 0 0 0 1 
1 0 0 0 1 
1 0 0 0 1 
1 0.174532925199433 0 0 1 
1 0 0 0 1 
1 0 0 0 1 
1 0 0 0 1 
1 0 0 0 1 
1 0 0 0 1 
1 0 0 0 1 
1 0 0 0 1 
1 0 0 0 1 
1 0.174532925199433 0 0 1 
6 0 2 98.058067569092 19.6116135138184  68.6406472983644 64.7183245956007  78.4464540552736 117.66968108291  
1 0 0 0 1 
1 0 0 0 1 
1 0 0 0 1 
1 0 0 0 1 
1 0 0 0 1 
1 0 0 0 1 
1 0 0 1 0 
1 0 -3 1 0 
1 0 0 1 0 
1 0 -50 1 0 
1 0 0 1 0 
1 0 -50.9901951359278 1 0 
1 0 0 1 0 
1 0 -50 1 0 
1 0 0 1 0 
1 0 -50.0099990001999 1 0 
1 0 0 1 0 
1 0 -50.0399840127872 1 0 
1 0 0 1 0 
1 0 -50.9901951359278 1 0 
1 0 0 1 0 
1 0 -53.851648071345 1 0 
1 0 0 1 0 
1 0 -50.9901951359278 1 0 
1 0 0 1 0 
1 0 -50.9901951359278 1 0 
1 0 0 1 0 
1 0 -50 1 0 
1 0 0 1 0 
1 0 -51.9615242270663 1 0 
1 0 0 1 0 
1 0 0 1 0 
1 0 -51.9615242270663 1 0 
1 0 0 1 0 
1 0 -51.9615242270663 1 0 
1 0 0 1 0 
1 0 -51.9615242270663 1 0 
1 0 0 1 0 
1 0 -51.234753829798 1 0 
1 0 0 1 0 
1 0 -50 1 0 
1 0 0 1 0 
1 0 -50.9901951359278 1 0 
1 0 0 1 0 
1 0 -50.9901951359278 1 0 
1 0 0 1 0 
1 0 -50.9901951359278 1 0 
1 0 0 1 0 
1 0 -53.851648071345 1 0 
1 0 0 1 0 
1 0 -58.309518948453 1 0 
1 0 0 1 0 
1 0 -58.309518948453 1 0 
1 0 0 1 0 
1 0 -42.4264068711929 1 0 
1 0 0 1 0 
1 0 -43.5889894354067 1 0 
1 0 0 1 0 
1 0 -51.9615242270663 1 0 
1 0 0 1 0 
1 0 -59.1607978309962 1 0 
1 0 0 1 0 
1 0 -51.9615242270663 1 0 
1 0 0 1 0 
1 0 -50 1 0 
1 0 0 1 0 
1 0 -51.9615242270663 1 0 
1 0 0 1 0 
1 0 -50.9901951359278 1 0 
1 1 0 0 -1 
1 0 0 0 -1 
1 1 0 0 -1 
1 0 0 0 -1 
1 0 0 0 -1 
1 1 0 0 -1 
1 1 0 0 -1 
1 0 0 0 -1 
Curves 12
1 0 0 0 0.192450089729875 0.192450089729875 -0.962250448649376 
1 100 0 0 0.192450089729875 0.192450089729875 -0.962250448649376 
6 0 2 0 0 0  50 -10 0  100 0 0  
1 0 100 0 0.192450089729875 0.192450089729875 -0.962250448649376 
6 0 2 0 100 0  20 50 0  0 0 0  
1 100 100 0 0.192450089729875 0.192450089729875 -0.962250448649376 
6 0 2 100 100 0  50 100 0  0 100 0  
6 0 2 100 0 0  80 50 0  100 100 0  
1 100 0 0 0 0.196116135138184 0.98058067569092 
1 100 100 0 0 0.196116135138184 0.98058067569092 
1 0 0 0 0 0.196116135138184 0.98058067569092 
1 0 100 0 0 0.196116135138184 0.98058067569092 
Polygon3D 0
PolygonOnTriangulations 0
Surfaces 294
6 -0.192450089729875 -0.192450089729875 0.962250448649376 
6 0 2 0 0 0  50 -10 0  100 0 0  
6 -0.192450089729875 -0.192450089729875 0.962250448649376 
6 0 2 0 100 0  20 50 0  0 0 0  
6 -0.192450089729875 -0.192450089729875 0.962250448649376 
6 0 2 100 0 0  80 50 0  100 100 0  
7 50 50 0 0 0 1 
6 0 2 0 0 0  50 -10 0  100 0 0  
7 50 0 0 0 0 1 
6 0 2 0 0 0  50 -10 0  100 0 0  
7 0 0 1 0 0 1 
6 0 2 0 0 0  50 -10 0  100 0 0  
7 1 0 0 0 0 1 
6 0 2 0 0 0  50 -10 0  100 0 0  
7 0 1 0 0 0 1 
6 0 2 0 0 0  50 -10 0  100 0 0  
7 0 0 1 0 0 1 
6 0 2 0 0 0  50 -10 0  100 0 0  
7 0 0 1 0 0 1 
6 0 2 0 0 0  50 -10 0  100 0 0  
7 10 10 10 0 0 1 
6 0 2 0 0 0  50 -10 0  100 0 0  
7 10 10 0 0 0 1 
6 0 2 0 0 0  50 -10 0  100 0 0  
7 100 0 0 0 1 0 
6 0 2 0 0 0  50 -10 0  100 0 0  
7 100 0 0 0 1 0 
6 0 2 0 0 0  50 -10 0  100 0 0  
7 100 0 0 0 1 0 
6 0 2 0 0 0  50 -10 0  100 0 0  
7 100 0 0 0 1 0 
6 0 2 0 0 0  50 -10 0  100 0 0  
7 300 0 0 0 1 0 
6 0 2 0 0 0  50 -10 0  100 0 0  
7 300 0 0 0 1 0 
6 0 2 0 0 0  50 -10 0  100 0 0  
7 100 0 0 0 1 0 
6 0 2 0 0 0  50 -10 0  100 0 0  
7 150 0 0 0 1 0 
6 0 2 0 0 0  50 -10 0  100 0 0  
7 0 0 0 0 1 0 
6 0 2 0 0 0  50 -10 0  100 0 0  
7 100 0 0 0 1 0 
6 0 2 0 0 0  50 -10 0  100 0 0  
7 100 100 0 0 1 0 
6 0 2 0 0 0  50 -10 0  100 0 0  
7 100 100 100 0 1 0 
6 0 2 0 0 0  50 -10 0  100 0 0  
7 100 100 0 0 1 0 
6 0 2 0 0 0  50 -10 0  100 0 0  
7 100 100 0 0 1 0 
6 0 2 0 0 0  50 -10 0  100 0 0  
7 100 100 0 0 1 0 
6 0 2 0 0 0  50 -10 0  100 0 0  
7 100 100 0 0 1 0 
6 0 2 0 0 0  50 -10 0  100 0 0  
7 100 100 0 0 -1 0 
6 0 2 0 0 0  50 -10 0  100 0 0  
7 100 100 0 0 -1 0 
6 0 2 0 0 0  50 -10 0  100 0 0  
7 100 100 0 0 -1 0 
6 0 2 0 0 0  50 -10 0  100 0 0  
7 0 100 0 0.707106781186547 0.707106781186547 0 
6 0 2 0 0 0  50 -10 0  100 0 0  
1 -0.759612349389599 0.759612349389599 -12.2787803968973 0.122787803968973 -0.122787803968973 0.984807753012208 0.971642341400989 -0.187177800848253 -0.144484017339 0.202075024664805 0.974621786164299 0.0963226782259998 
7 100 100 0 0 1 0 
6 0 2 0 0 0  50 -10 0  100 0 0  
7 100 100 0 0 1 0 
6 0 2 0 0 0  50 -10 0  100 0 0  
7 100 100 0 0 1 0 
6 0 2 0 0 0  50 -10 0  100 0 0  
7 100 100 0 0 -1 0 
6 0 2 0 0 0  50 -10 0  100 0 0  
7 100 100 0 0 -1 0 
6 0 2 0 0 0  50 -10 0  100 0 0  
7 100 100 0 0 -1 0 
6 0 2 0 0 0  50 -10 0  100 0 0  
6 1 0 0 
6 0 2 0 0 0  50 -10 0  100 0 0  
6 0 0 -1 
6 0 2 0 0 0  50 -10 0  100 0 0  
6 0 -0.196116135138184 0.98058067569092 
6 0 2 0 0 0  50 -10 0  100 0 0  
6 0 0 -1 
6 0 2 0 0 0  50 -10 0  100 0 0  
6 0 -0.0199960011996001 -0.999800059980007 
6 0 2 0 0 0  50 -10 0  100 0 0  
6 0 -0.0399680383488716 -0.999200958721789 
6 0 2 0 0 0  50 -10 0  100 0 0  
6 0 -0.196116135138184 -0.98058067569092 
6 0 2 0 0 0  50 -10 0  100 0 0  
6 0 0.371390676354104 -0.928476690885259 
6 0 2 0 0 0  50 -10 0  100 0 0  
6 0 -0.196116135138184 -0.98058067569092 
6 0 2 0 0 0  50 -10 0  100 0 0  
6 0 -0.196116135138184 0.98058067569092 
6 0 2 0 0 0  50 -10 0  100 0 0  
6 0 0 -1 
6 0 2 0 0 0  50 -10 0  100 0 0  
6 0.192450089729875 0.192450089729875 0.962250448649376 
6 0 2 0 0 0  50 -10 0  100 0 0  
6 0 0 -1 
6 0 2 0 0 0  50 -10 0  100 0 0  
6 0.192450089729875 0.192450089729875 -0.962250448649376 
6 0 2 0 0 0  50 -10 0  100 0 0  
6 0.192450089729875 -0.192450089729875 0.962250448649376 
6 0 2 0 0 0  50 -10 0  100 0 0  
6 0.192450089729875 0.192450089729875 -0.962250448649376 
6 0 2 0 0 0  50 -10 0  100 0 0  
6 0.195180014589707 0.0975900072948533 0.975900072948533 
6 0 2 0 0 0  50 -10 0  100 0 0  
6 0 0 -1 
6 0 2 0 0 0  50 -10 0  100 0 0  
6 -0.196116135138184 0 -0.98058067569092 
6 0 2 0 0 0  50 -10 0  100 0 0  
6 0.196116135138184 0 -0.98058067569092 
6 0 2 0 0 0  50 -10 0  100 0 0  
6 -0.196116135138184 0 -0.98058067569092 
6 0 2 0 0 0  50 -10 0  100 0 0  
6 -0.371390676354104 0 0.928476690885259 
6 0 2 0 0 0  50 -10 0  100 0 0  
6 -0.514495755427527 0 -0.857492925712544 
6 0 2 0 0 0  50 -10 0  100 0 0  
6 -0.514495755427527 0 0.857492925712544 
6 0 2 0 0 0  50 -10 0  100 0 0  
6 -0.707106781186547 0 0.707106781186547 
6 0 2 0 0 0  50 -10 0  100 0 0  
6 -0.688247201611685 0.229415733870562 -0.688247201611685 
6 0 2 0 0 0  50 -10 0  100 0 0  
6 -0.192450089729875 -0.192450089729875 -0.962250448649376 
6 0 2 0 0 0  50 -10 0  100 0 0  
6 -0.50709255283711 -0.169030850945703 0.845154254728517 
6 0 2 0 0 0  50 -10 0  100 0 0  
6 -0.192450089729875 -0.192450089729875 -0.962250448649376 
6 0 2 0 0 0  50 -10 0  100 0 0  
6 0 0 -1 
6 0 2 0 0 0  50 -10 0  100 0 0  
6 0 -0.196116135138184 -0.98058067569092 
6 0 2 0 0 0  50 -10 0  100 0 0  
6 -0.192450089729875 -0.192450089729875 0.962250448649376 
6 0 2 100 100 0  50 100 0  0 100 0  
7 50 50 0 0 0 1 
6 0 2 0 100 0  20 50 0  0 0 0  
7 50 0 0 0 0 1 
6 0 2 0 100 0  20 50 0  0 0 0  
7 0 0 1 0 0 1 
6 0 2 0 100 0  20 50 0  0 0 0  
7 1 0 0 0 0 1 
6 0 2 0 100 0  20 50 0  0 0 0  
7 0 1 0 0 0 1 
6 0 2 0 100 0  20 50 0  0 0 0  
7 0 0 1 0 0 1 
6 0 2 0 100 0  20 50 0  0 0 0  
7 0 0 1 0 0 1 
6 0 2 0 100 0  20 50 0  0 0 0  
7 10 10 10 0 0 1 
6 0 2 0 100 0  20 50 0  0 0 0  
7 10 10 0 0 0 1 
6 0 2 0 100 0  20 50 0  0 0 0  
7 100 0 0 0 1 0 
6 0 2 0 100 0  20 50 0  0 0 0  
1 23.3955556881022 0 64.2787609686539 0.642787609686539 0 0.766044443118978 0.751168377642882 -0.196116135138184 -0.630305108632178 0.150233675528576 0.98058067569092 -0.126061021726436 
7 100 0 0 0 1 0 
6 0 2 0 100 0  20 50 0  0 0 0  
1 50 0 86.6025403784439 0.866025403784439 0 0.5 0.49029033784546 -0.196116135138184 -0.849207775608447 0.0980580675690921 0.98058067569092 -0.169841555121689 
7 100 0 0 0 1 0 
6 0 2 0 100 0  20 50 0  0 0 0  
1 1.5192246987792 0 17.364817766693 0.17364817766693 0 0.984807753012208 0.965683451874368 -0.196116135138184 -0.170276047389136 0.193136690374874 0.98058067569092 -0.0340552094778271 
7 100 0 0 0 1 0 
6 0 2 0 100 0  20 50 0  0 0 0  
1 1.5192246987792 0 17.364817766693 0.17364817766693 0 0.984807753012208 0.965683451874368 -0.196116135138184 -0.170276047389136 0.193136690374874 0.98058067569092 -0.0340552094778271 
7 300 0 0 0 1 0 
6 0 2 0 100 0  20 50 0  0 0 0  
7 300 0 0 0 1 0 
6 0 2 0 100 0  20 50 0  0 0 0  
7 100 0 0 0 1 0 
6 0 2 0 100 0  20 50 0  0 0 0  
1 1.5192246987792 0 17.364817766693 0.17364817766693 0 0.984807753012208 0.965683451874368 -0.196116135138184 -0.170276047389136 0.193136690374874 0.98058067569092 -0.0340552094778271 
7 150 0 0 0 1 0 
6 0 2 0 100 0  20 50 0  0 0 0  
7 0 0 0 0 1 0 
6 0 2 0 100 0  20 50 0  0 0 0  
7 100 0 0 0 1 0 
6 0 2 0 100 0  20 50 0  0 0 0  
1 1.5192246987792 0 17.364817766693 0.17364817766693 0 0.984807753012208 0.965683451874368 -0.196116135138184 -0.170276047389136 0.193136690374874 0.98058067569092 -0.0340552094778271 
7 100 100 0 0 1 0 
6 0 2 0 100 0  20 50 0  0 0 0  
1 1.5192246987792 0 17.364817766693 0.17364817766693 0 0.984807753012208 0.965683451874368 -0.196116135138184 -0.170276047389136 0.193136690374874 0.98058067569092 -0.0340552094778271 
7 100 100 100 0 1 0 
6 0 2 0 100 0  20 50 0  0 0 0  
7 100 100 0 0 1 0 
6 0 2 0 100 0  20 50 0  0 0 0  
1 1.5192246987792 0 17.364817766693 0.17364817766693 0 0.984807753012208 0.965683451874368 -0.196116135138184 -0.170276047389136 0.193136690374874 0.98058067569092 -0.0340552094778271 
7 100 100 0 0 1 0 
6 0 2 0 100 0  20 50 0  0 0 0  
1 65.7979856674331 0 93.9692620785908 0.939692620785908 0 0.342020143325669 0.33537834324219 -0.196116135138184 -0.921444425032018 0.0670756686484379 0.98058067569092 -0.184288885006404 
7 100 100 0 0 1 0 
6 0 2 0 100 0  20 50 0  0 0 0  
1 150 0 86.6025403784439 0.866025403784439 0 -0.5 -0.49029033784546 -0.196116135138184 -0.849207775608447 -0.098058067569092 0.98058067569092 -0.169841555121689 
7 100 100 0 0 1 0 
6 0 2 0 100 0  20 50 0  0 0 0  
1 100 0 100 1 0 0 0 -0.196116135138184 -0.98058067569092 0 0.98058067569092 -0.196116135138184 
7 100 100 0 0 -1 0 
6 0 2 0 100 0  20 50 0  0 0 0  
1 1.5192246987792 0 -17.364817766693 -0.17364817766693 0 0.984807753012208 0.965683451874368 -0.196116135138184 0.170276047389136 0.193136690374874 0.98058067569092 0.0340552094778271 
7 100 100 0 0 -1 0 
6 0 2 0 100 0  20 50 0  0 0 0  
1 35.7212390313461 0 -76.6044443118978 -0.766044443118978 0 0.642787609686539 0.630305108632178 -0.196116135138184 0.751168377642882 0.126061021726436 0.98058067569092 0.150233675528576 
7 100 100 0 0 -1 0 
6 0 2 0 100 0  20 50 0  0 0 0  
1 100 0 -100 -1 0 0 0 -0.196116135138184 0.98058067569092 0 0.98058067569092 0.196116135138184 
7 0 100 0 0.707106781186547 0.707106781186547 0 
6 0 2 0 100 0  20 50 0  0 0 0  
7 100 100 0 0 1 0 
6 0 2 0 100 0  20 50 0  0 0 0  
1 200 0 0 0 0 -1 -0.98058067569092 -0.196116135138184 0 -0.196116135138184 0.98058067569092 0 
7 100 100 0 0 1 0 
6 0 2 0 100 0  20 50 0  0 0 0  
1 0.380530190825439 0 8.71557427476582 0.0871557427476582 0 0.996194698091746 0.976849270174516 -0.196116135138184 -0.0854632371138427 0.195369854034903 0.98058067569092 -0.0170926474227685 
7 100 100 0 0 1 0 
6 0 2 0 100 0  20 50 0  0 0 0  
1 13.3974596215561 0 50 0.5 0 0.866025403784439 0.849207775608447 -0.196116135138184 -0.49029033784546 0.169841555121689 0.98058067569092 -0.098058067569092 
7 100 100 0 0 -1 0 
6 0 2 0 100 0  20 50 0  0 0 0  
1 13.3974596215561 0 -50 -0.5 0 0.866025403784439 0.849207775608447 -0.196116135138184 0.49029033784546 0.169841555121689 0.98058067569092 0.098058067569092 
7 100 100 0 0 -1 0 
6 0 2 0 100 0  20 50 0  0 0 0  
1 35.7212390313461 0 -76.6044443118978 -0.766044443118978 0 0.642787609686539 0.630305108632178 -0.196116135138184 0.751168377642882 0.126061021726436 0.98058067569092 0.150233675528576 
7 100 100 0 0 -1 0 
6 0 2 0 100 0  20 50 0  0 0 0  
1 150 0 -86.6025403784439 -0.866025403784439 0 -0.5 -0.49029033784546 -0.196116135138184 0.849207775608447 -0.098058067569092 0.98058067569092 0.169841555121689 
6 1 0 0 
6 0 2 0 100 0  20 50 0  0 0 0  
6 0 0 -1 
6 0 2 0 100 0  20 50 0  0 0 0  
6 0 -0.196116135138184 0.98058067569092 
6 0 2 0 100 0  20 50 0  0 0 0  
6 0 0 -1 
6 0 2 0 100 0  20 50 0  0 0 0  
6 0 -0.0199960011996001 -0.999800059980007 
6 0 2 0 100 0  20 50 0  0 0 0  
6 0 -0.0399680383488716 -0.999200958721789 
6 0 2 0 100 0  20 50 0  0 0 0  
6 0 -0.196116135138184 -0.98058067569092 
6 0 2 0 100 0  20 50 0  0 0 0  
6 0 0.371390676354104 -0.928476690885259 
6 0 2 0 100 0  20 50 0  0 0 0  
6 0 -0.196116135138184 -0.98058067569092 
6 0 2 0 100 0  20 50 0  0 0 0  
6 0 -0.196116135138184 0.98058067569092 
6 0 2 0 100 0  20 50 0  0 0 0  
6 0 0 -1 
6 0 2 0 100 0  20 50 0  0 0 0  
6 0.192450089729875 0.192450089729875 0.962250448649376 
6 0 2 0 100 0  20 50 0  0 0 0  
6 0 0 -1 
6 0 2 0 100 0  20 50 0  0 0 0  
6 0.192450089729875 0.192450089729875 -0.962250448649376 
6 0 2 0 100 0  20 50 0  0 0 0  
6 0.192450089729875 -0.192450089729875 0.962250448649376 
6 0 2 0 100 0  20 50 0  0 0 0  
6 0.192450089729875 0.192450089729875 -0.962250448649376 
6 0 2 0 100 0  20 50 0  0 0 0  
6 0.195180014589707 0.0975900072948533 0.975900072948533 
6 0 2 0 100 0  20 50 0  0 0 0  
6 0 0 -1 
6 0 2 0 100 0  20 50 0  0 0 0  
6 -0.196116135138184 0 -0.98058067569092 
6 0 2 0 100 0  20 50 0  0 0 0  
6 0.196116135138184 0 -0.98058067569092 
6 0 2 0 100 0  20 50 0  0 0 0  
6 -0.196116135138184 0 -0.98058067569092 
6 0 2 0 100 0  20 50 0  0 0 0  
6 -0.371390676354104 0 0.928476690885259 
6 0 2 0 100 0  20 50 0  0 0 0  
6 -0.514495755427527 0 -0.857492925712544 
6 0 2 0 100 0  20 50 0  0 0 0  
6 -0.514495755427527 0 0.857492925712544 
6 0 2 0 100 0  20 50 0  0 0 0  
6 -0.707106781186547 0 0.707106781186547 
6 0 2 0 100 0  20 50 0  0 0 0  
6 -0.688247201611685 0.229415733870562 -0.688247201611685 
6 0 2 0 100 0  20 50 0  0 0 0  
6 -0.192450089729875 -0.192450089729875 -0.962250448649376 
6 0 2 0 100 0  20 50 0  0 0 0  
6 -0.50709255283711 -0.169030850945703 0.845154254728517 
6 0 2 0 100 0  20 50 0  0 0 0  
6 -0.192450089729875 -0.192450089729875 -0.962250448649376 
6 0 2 0 100 0  20 50 0  0 0 0  
6 0 0 -1 
6 0 2 0 100 0  20 50 0  0 0 0  
6 0 -0.196116135138184 -0.98058067569092 
6 0 2 0 100 0  20 50 0  0 0 0  
7 50 50 0 0 0 1 
6 0 2 100 100 0  50 100 0  0 100 0  
7 50 0 0 0 0 1 
6 0 2 100 100 0  50 100 0  0 100 0  
7 0 0 1 0 0 1 
6 0 2 100 100 0  50 100 0  0 100 0  
1 0 0 0 0 0 1 0.780538784160755 0.625107355916447 0 -0.625107355916447 0.780538784160755 0 
7 1 0 0 0 0 1 
6 0 2 100 100 0  50 100 0  0 100 0  
7 0 1 0 0 0 1 
6 0 2 100 100 0  50 100 0  0 100 0  
7 0 0 1 0 0 1 
6 0 2 100 100 0  50 100 0  0 100 0  
1 0 0 0 0 0 1 0.780538784160755 0.625107355916447 0 -0.625107355916447 0.780538784160755 0 
7 0 0 1 0 0 1 
6 0 2 100 100 0  50 100 0  0 100 0  
1 0 0 0 0 0 1 0.947265843177539 0.320448782723771 0 -0.320448782723771 0.947265843177539 0 
7 10 10 10 0 0 1 
6 0 2 100 100 0  50 100 0  0 100 0  
7 10 10 0 0 0 1 
6 0 2 100 100 0  50 100 0  0 100 0  
7 100 0 0 0 1 0 
6 0 2 100 100 0  50 100 0  0 100 0  
7 100 0 0 0 1 0 
6 0 2 100 100 0  50 100 0  0 100 0  
7 100 0 0 0 1 0 
6 0 2 100 100 0  50 100 0  0 100 0  
7 100 0 0 0 1 0 
6 0 2 100 100 0  50 100 0  0 100 0  
7 300 0 0 0 1 0 
6 0 2 100 100 0  50 100 0  0 100 0  
7 300 0 0 0 1 0 
6 0 2 100 100 0  50 100 0  0 100 0  
7 100 0 0 0 1 0 
6 0 2 100 100 0  50 100 0  0 100 0  
7 150 0 0 0 1 0 
6 0 2 100 100 0  50 100 0  0 100 0  
7 0 0 0 0 1 0 
6 0 2 100 100 0  50 100 0  0 100 0  
7 100 0 0 0 1 0 
6 0 2 100 100 0  50 100 0  0 100 0  
7 100 100 0 0 1 0 
6 0 2 100 100 0  50 100 0  0 100 0  
7 100 100 100 0 1 0 
6 0 2 100 100 0  50 100 0  0 100 0  
7 100 100 0 0 1 0 
6 0 2 100 100 0  50 100 0  0 100 0  
7 100 100 0 0 1 0 
6 0 2 100 100 0  50 100 0  0 100 0  
7 100 100 0 0 1 0 
6 0 2 100 100 0  50 100 0  0 100 0  
7 100 100 0 0 1 0 
6 0 2 100 100 0  50 100 0  0 100 0  
7 100 100 0 0 -1 0 
6 0 2 100 100 0  50 100 0  0 100 0  
7 100 100 0 0 -1 0 
6 0 2 100 100 0  50 100 0  0 100 0  
7 100 100 0 0 -1 0 
6 0 2 100 100 0  50 100 0  0 100 0  
7 0 100 0 0.707106781186547 0.707106781186547 0 
6 0 2 100 100 0  50 100 0  0 100 0  
7 100 100 0 0 1 0 
6 0 2 100 100 0  50 100 0  0 100 0  
7 100 100 0 0 1 0 
6 0 2 100 100 0  50 100 0  0 100 0  
7 100 100 0 0 1 0 
6 0 2 100 100 0  50 100 0  0 100 0  
7 100 100 0 0 -1 0 
6 0 2 100 100 0  50 100 0  0 100 0  
7 100 100 0 0 -1 0 
6 0 2 100 100 0  50 100 0  0 100 0  
7 100 100 0 0 -1 0 
6 0 2 100 100 0  50 100 0  0 100 0  
6 1 0 0 
6 0 2 100 100 0  50 100 0  0 100 0  
6 0 0 -1 
6 0 2 100 100 0  50 100 0  0 100 0  
6 0 -0.196116135138184 0.98058067569092 
6 0 2 100 100 0  50 100 0  0 100 0  
6 0 0 -1 
6 0 2 100 100 0  50 100 0  0 100 0  
6 0 -0.0199960011996001 -0.999800059980007 
6 0 2 100 100 0  50 100 0  0 100 0  
6 0 -0.0399680383488716 -0.999200958721789 
6 0 2 100 100 0  50 100 0  0 100 0  
6 0 -0.196116135138184 -0.98058067569092 
