DBRep_DrawableShape

CASCADE Topology V1, (c) Matra-Datavision
Locations 3
1
              1               0              -0 1.55530244260811e-19 
             -0               1               0 0.00254000164568424 
              0               0               1               0 
1
              1               0              -0 109.598594103115 
             -0               1               0               0 
              0               0               1 48.8683831711322 
2  2 -1 0
Curve2ds 4
1 0 0 0 -1 
1 3.14159265358979 0 0 -1 
1 0 0 1 0 
1 0 -119.999877929688 1 0 
Curves 4
1 192.869044068352 67.796607971191406 -88.964771571310706 0.91332254660569545 0 0.40723694068894017 
1 177.35330482161299 67.796607971191406 -54.167156066861203 0.91332254660569545 0 0.40723694068894017 
2 185.11117444498299 67.796607971191406 -71.565963819085994 0.91332254660569545 0 0.40723694068894017 0.40723694068894017 0 -0.91332254660569545 -0 1 0 19.050014495849599
1 185.11117444498299 67.796607971191406 -71.565963819085994 -0.40723694068894017 0 0.91332254660569545 
Polygon3D 0
PolygonOnTriangulations 0
Surfaces 3
2 185.11117444498299 67.796607971191406 -71.565963819085994 -0.91332254660569545 -0 -0.40723694068894017 0.40723694068894017 0 -0.91332254660569545 -0 1 -0 19.050014495849599
1 192.869044068352 67.796607971191406 -88.964771571310706 0 -1 0 -0.40723694068894017 0 0.91332254660569545 -0.91332254660569545 -0 -0.40723694068894017 
1 185.11117444498299 67.796607971191406 -71.565963819085994 0.91332254660569545 0 0.40723694068894017 0.40723694068894017 0 -0.91332254660569545 -0 1 0 
Triangulations 0

TShapes 14
Ve
1e-07
192.869044068352 67.7966079711914 -88.9647715713107
0 0

0101100
*
Ed
 1e-07 1 1 0
1  1 0 0 119.999877929688
2  1 1 0 0 119.999877929688
0

0101000
+14 0 -14 2 *
Ve
1e-07
177.353304821613 67.7966079711914 -54.1671560668612
0 0

0101100
*
Ed
 1e-07 1 1 0
1  2 0 0 119.999877929688
2  2 1 0 0 119.999877929688
0

0101000
+12 0 -12 2 *
Ed
 1e-07 1 1 0
1  3 0 0 3.14159265358979
2  3 1 0 0 3.14159265358979
2  4 1 3 0 3.14159265358979
0

0101000
+14 0 -12 0 *
Wi

0101000
+13 0 -11 0 -10 0 +10 2 *
Fa
0  1e-07 1 0

0111000
+9 0 *
Ed
 1e-07 1 1 0
1  4 0 -19.0500144958496 19.0500144958496
0

0101000
+14 0 -12 0 *
Wi

0101000
+13 0 -11 0 -7 0 +7 2 *
Fa
0  1e-07 2 0

0111000
+6 0 *
Wi

0101100
+10 0 -7 0 *
Fa
0  1e-07 3 0

0111000
+4 0 *
Sh

0101000
+8 0 -5 0 +3 0 -3 2 *
So

0100000
-2 0 *

+1 1 
0

