DBRep_DrawableShape

CASCADE Topology V1, (c) Matra-Datavision
Locations 2
1
              1               0               0 -28.9777671818524 
              0               1               0 7.76457308182494 
              0               0               1 -1.7780313659552e-06 
2  1 -1 0
Curve2ds 8
1 0 0 0 -1 
1 -9.99999975073731 -21.3333331731963 1.82181082833235e-07 0.999999999999983 
1 3.14159176875673 0 0 -1 
2 1.24025182845529e-06 19.6666663499668 -1 -1.08877306154283e-14 -1.08877306154283e-14 1 9.99999352156483
1 0 0 1 0 
1 0 -29.99999309981 1 0 
1 9.99999476181275 19.6666751982918 1.40472098572573e-07 -0.99999999999999 
1 10.00000042117 -21.3333336500334 -1 2.38418520929898e-08 
Curves 8
1 66.9584585470012 -28.2942259571065 5.00000047683704 -0.965925794897465 0.258819162257545 -5.92677258304588e-08 
1 66.9584581330541 -28.2942181132723 46 -0.965925794897465 0.258819162257545 -5.92677258304588e-08 
1 66.9584585470012 -28.2942259571065 5.00000047683704 -1.00962699464797e-08 1.91313030399323e-07 0.999999999999982 
1 72.1348380247172 -8.97571473070193 46.0000088483251 -0.965925794897465 0.258819162257545 -5.92677258304588e-08 
2 69.5466480788864 -18.6349664219853 46.0000000000001 -0.965925794897465 0.258819162257545 -5.92677258304588e-08 -0.258819162257545 -0.965925794897467 -1.08877306154283e-14 -5.72482280025044e-08 1.53396126316094e-08 0.999999999999998 9.99999352156483
1 72.134841862527 -8.97570979651485 4.99999999999999 -0.965925794897465 0.258819162257545 -5.92677258304588e-08 
1 72.1348380247172 -8.97571473070193 46.0000088483251 9.3605096057663e-08 1.20346000326278e-07 -0.999999999999988 
1 72.134841836645 -8.97570989310744 5 -0.258819162257546 -0.965925794897466 2.38418520929898e-08 
Polygon3D 0
PolygonOnTriangulations 20
2 1 2 
p 0.522273148655501 1 0 29.99999309981 
2 3 4 
p 0.522273148655501 1 0 29.99999309981 
2 1 2 
p 0.522273148655501 1 0 29.99999309981 
2 3 4 
p 0.522273148655501 1 0 29.99999309981 
2 2 4 
p 0.522273148655501 1 0 40.9999995231637 
2 1 3 
p 0.522273148655501 1 0 40.9999995231637 
2 1 2 
p 0.522273148655501 1 0 40.9999995231637 
2 3 4 
p 0.522273148655501 1 0 29.99999309981 
2 1 2 
p 0.522273148655501 1 0 29.99999309981 
15 2 18 19 20 21 22 23 24 25 26 27 28 29 30 4 
p 0.522273148655501 1 0 0.224399412054052 0.448798824108105 0.673198236162157 0.897597648216209 1.12199706027026 1.34639647232431 1.57079588437837 1.79519529643242 2.01959470848647 2.24399412054052 2.46839353259457 2.69279294464863 2.91719235670268 3.14159176875673 
15 1 5 6 7 8 9 10 11 12 13 14 15 16 17 3 
p 0.522273148655501 1 0 0.224399412054052 0.448798824108105 0.673198236162157 0.897597648216209 1.12199706027026 1.34639647232431 1.57079588437837 1.79519529643242 2.01959470848647 2.24399412054052 2.46839353259457 2.69279294464863 2.91719235670268 3.14159176875673 
15 2 3 4 5 6 7 8 9 10 11 12 13 14 15 16 
p 0.522273148655501 1 0 0.224399412054052 0.448798824108105 0.673198236162157 0.897597648216209 1.12199706027026 1.34639647232431 1.57079588437837 1.79519529643242 2.01959470848647 2.24399412054052 2.46839353259457 2.69279294464863 2.91719235670268 3.14159176875673 
2 3 4 
p 0.522273148655501 1 0 29.99999309981 
2 1 2 
p 0.522273148655501 1 0 29.99999309981 
2 1 3 
p 0.522273148655501 1 0 41.0000088483256 
2 2 4 
p 0.522273148655501 1 0 41.0000088483256 
2 16 17 
p 0.522273148655501 1 0 41.0000088483256 
2 1 3 
p 0.522273148655501 1 -1.00000004160545e-07 20.0000001719073 
2 2 4 
p 0.522273148655501 1 -1.00000004160545e-07 20.0000001719073 
2 17 1 
p 0.522273148655501 1 -1.00000004160545e-07 20.0000001719073 
Surfaces 5
1 66.9584585470012 -28.2942259571065 5.00000047683704 0.258819162257551 0.965925794897448 -1.82181082833235e-07 -1.00962699464797e-08 1.91313030399323e-07 0.999999999999982 0.965925794897465 -0.258819162257545 5.92677258304588e-08 
2 69.5466480788864 -18.6349664219853 46.0000000000001 0.965925794897465 -0.258819162257545 5.92677258304588e-08 -0.258819162257545 -0.965925794897467 -1.08877306154283e-14 -5.72482280025044e-08 1.53396126316094e-08 0.999999999999998 9.99999352156483
1 69.5466488837672 -18.6349679216558 26.3333336500333 0.965925794897465 -0.258819162257545 5.92677258304588e-08 0.258819162257545 0.965925794897467 -1.65436122510606e-24 -5.7248225184551e-08 1.53396231483492e-08 0.999999999999998 
1 72.1348380247172 -8.97571473070193 46.0000088483251 -0.258819162257535 -0.965925794897459 -1.40472098572572e-07 9.3605096057663e-08 1.20346000326278e-07 -0.999999999999988 0.965925794897465 -0.258819162257545 5.92677258304588e-08 
1 72.134841862527 -8.97570979651485 4.99999999999999 -5.10774969991751e-08 3.83690830830982e-08 0.999999999999998 -0.258819162257546 -0.965925794897466 2.38418520929898e-08 0.965925794897465 -0.258819162257545 5.92677258304588e-08 
Triangulations 5
4 2 1 0.522273148655501
66.9584585470012 -28.2942259571065 5.00000047683704 37.9806913651488 -20.5296528752816 4.99999869880568 66.9584581330541 -28.2942181132723 46 37.9806909512017 -20.5296450314474 45.9999982219686 0 0 8.88178419700125e-16 -29.99999309981 40.9999995231637 0 40.9999995231637 -29.99999309981 1 2 3 4 3 2 
4 2 1 0.522273148655501
72.134841862527 -8.97570979651485 4.99999999999999 43.1570746806745 -1.21113671468991 4.99999822196862 66.9584585470012 -28.2942259571065 5.00000047683704 37.9806913651488 -20.5296528752816 4.99999869880568 0 0 0 -29.99999309981 20.0000002719074 -1.4210854715202e-14 20.0000002719074 -29.99999309981 1 2 3 4 3 2 
30 28 1 0.522273148655501
66.9584581330541 -28.2942181132723 46 37.9806909512017 -20.5296450314474 45.9999982219686 72.1348380247172 -8.97571473070193 46.0000088483251 43.1570708428648 -1.21114164887699 46.0000070702937 67.0233492948771 -28.0520406083229 48.2252072817986 67.2147691231338 -27.3376519462738 50.3388334414214 67.5231190337201 -26.1868745375733 52.2348924969421 67.9329370832354 -24.6574131343529 53.8183081833954 68.4236732949528 -22.8259612748245 55.0096814710324 68.9707201198844 -20.7843555511873 55.74927196198 69.5466463613465 -18.6349705420019 55.999993521564 70.1225726889332 -16.4855853262218 55.749273930917 70.6696197679198 -14.4439789931599 55.0096853101758 71.1603563888835 -12.612526151936 53.8183137002346 71.5701749823148 -11.0830634439756 52.2348994148398 71.8785255442128 -9.93228447291555 50.3388414134857 72.0699460985173 -9.21789406923062 48.225215908277 38.0455821130247 -20.287467526498 48.2252055037673 38.2370019412814 -19.5730788644489 50.33883166339 38.5453518518677 -18.4223014557484 52.2348907189107 38.9551699013829 -16.892840052528 53.818306405364 39.4459061131004 -15.0613881929996 55.0096796930011 39.992952938032 -13.0197824693624 55.7492701839486 40.5688791794941 -10.870397460177 55.9999917435326 41.1448055070807 -8.72101224439683 55.7492721528856 41.6918525860674 -6.67940591133498 55.0096835321444 42.1825892070311 -4.84795307011109 53.8183119222032 42.5924078004623 -3.31849036215065 52.2348976368084 42.9007583623603 -2.16771139109061 50.3388396354543 43.0921789166649 -1.45332098740567 48.2252141302456 0 0 0 -29.99999309981 3.14159176875673 0 3.14159176875673 -29.99999309981 0.224399412054052 0 0.448798824108105 0 0.673198236162157 0 0.897597648216209 0 1.12199706027026 0 1.34639647232431 0 1.57079588437837 0 1.79519529643242 0 2.01959470848647 0 2.24399412054052 0 2.46839353259457 0 2.69279294464863 0 2.91719235670268 0 0.224399412054052 -29.99999309981 0.448798824108105 -29.99999309981 0.673198236162157 -29.99999309981 0.897597648216209 -29.99999309981 1.12199706027026 -29.99999309981 1.34639647232431 -29.99999309981 1.57079588437837 -29.99999309981 1.79519529643242 -29.99999309981 2.01959470848647 -29.99999309981 2.24399412054052 -29.99999309981 2.46839353259457 -29.99999309981 2.69279294464863 -29.99999309981 2.91719235670268 -29.99999309981 2 18 5 18 19 6 20 21 8 22 23 10 21 22 9 19 20 7 1 2 5 6 19 7 18 6 5 21 9 8 8 7 20 9 22 10 24 11 10 10 23 24 25 26 13 26 27 14 28 29 16 30 4 3 29 30 17 27 28 15 12 11 25 14 13 26 12 25 13 16 15 28 3 17 30 16 29 17 14 27 15 25 11 24 
18 17 1 0.522273148655501
66.9584585470012 -28.2942259571065 5.00000047683704 66.9584581330541 -28.2942181132723 46 67.0233492948771 -28.0520406083229 48.2252072817986 67.2147691231338 -27.3376519462738 50.3388334414214 67.5231190337201 -26.1868745375733 52.2348924969421 67.9329370832354 -24.6574131343529 53.8183081833954 68.4236732949528 -22.8259612748245 55.0096814710324 68.9707201198844 -20.7843555511873 55.74927196198 69.5466463613465 -18.6349705420019 55.999993521564 70.1225726889332 -16.4855853262218 55.749273930917 70.6696197679198 -14.4439789931599 55.0096853101758 71.1603563888835 -12.612526151936 53.8183137002346 71.5701749823148 -11.0830634439756 52.2348994148398 71.8785255442128 -9.93228447291555 50.3388414134857 72.0699460985173 -9.21789406923062 48.225215908277 72.1348380247172 -8.97571473070193 46.0000088483251 72.134841862527 -8.97570979651485 4.99999999999999 69.5466487449345 -18.6349674856503 30.499996760782 -9.99999975073731 -21.3333331731963 -9.99999228131301 19.6666663499667 -9.74927170619754 21.8918736317654 -9.00968215035313 24.0054997913881 -7.8183097015639 25.9015588469088 -6.2348947156397 27.4849745333621 -4.33883618720212 28.6763478209992 -2.22521035478621 29.4159383119467 -3.18391072262614e-06 29.6666598715307 2.22520420881062 29.4159402808837 4.33883069563985 28.6763516601425 6.23489027824318 27.4849800502013 7.81830666522534 25.9015657648065 9.00968079170988 24.0055077634524 9.74927221776036 21.8918822582437 9.99999476181275 19.6666751982918 10.00000052117 -21.3333336500334 3.85216358367302e-07 4.16666311074865 6 3 2 6 4 3 16 7 2 5 4 6 7 9 8 6 2 7 7 10 9 2 1 18 12 16 15 7 16 12 17 16 18 18 1 17 11 10 12 12 14 13 10 7 12 15 14 12 16 2 18 
4 2 1 0.522273148655501
72.1348380247172 -8.97571473070193 46.0000088483251 43.1570708428648 -1.21114164887699 46.0000070702937 72.134841862527 -8.97570979651485 4.99999999999999 43.1570746806745 -1.21113671468991 4.99999822196862 0 0 7.105427357601e-15 -29.99999309981 41.0000088483256 0 41.0000088483256 -29.99999309981 1 2 3 4 3 2 

TShapes 24
Ve
0.003
66.9584585470012 -28.2942259571065 5.00000047683704
0 0

0101100
*
Ed
 0.003 1 1 0
1  1 0 0 29.99999309981
6  1 1 0
6  2 2 0
0

0101000
+24 0 -24 1 *
Ve
0.003
66.9584581330541 -28.2942181132723 46
0 0

0101100
*
Ed
 0.003 1 1 0
1  2 0 0 29.99999309981
2  1 2 0 0 29.99999309981
6  3 3 0
6  4 1 0
0

0101000
+22 0 -22 1 *
Ed
 0.003 1 1 0
2  2 3 0 0 40.9999995231637
1  3 0 0 40.9999995231637
6  5 1 2
6  6 1 0
6  7 4 0
0

0101000
+24 0 -22 0 *
Wi

0101000
+23 0 -21 0 -20 0 +20 1 *
Fa
0  0.003 1 0
2  1
0101000
+19 0 *
Ve
0.003
72.1348380247172 -8.97571473070193 46.0000088483251
0 0

0101100
*
Ed
 0.003 1 1 0
1  4 0 0 29.99999309981
2  3 2 0 0 29.99999309981
6  8 3 0
6  9 5 0
0

0101000
+17 0 -17 1 *
Ed
 0.003 1 1 0
2  4 3 0 0 3.14159176875673
1  5 0 0 3.14159176875673
2  5 2 0 0 3.14159176875673
2  6 2 2 0 3.14159176875673
6  10 3 2
6  11 3 0
6  12 4 0
0

0101000
+22 0 -17 0 *
Wi

0101000
+21 0 -16 0 -15 0 +15 1 *
Fa
0  0.003 2 0
2  3
0101000
+14 0 *
Ve
0.003
72.134841862527 -8.97570979651485 4.99999999999999
0 0

0101100
*
Ed
 0.003 1 1 0
1  6 0 0 29.99999309981
6  13 5 0
6  14 2 0
0

0101000
+12 0 -12 1 *
Ed
 0.003 1 1 0
2  7 3 0 0 41.0000088483256
1  7 0 0 41.0000088483256
6  15 5 0
6  16 5 2
6  17 4 0
0

0101000
+17 0 -12 0 *
Wi

0101000
+16 0 -11 0 -10 0 +10 1 *
Fa
0  0.003 4 0
2  5
0101000
+9 0 *
Ed
 0.003 1 1 0
2  8 3 0 -1.00000004160545e-07 20.0000001719073
1  8 0 -1.00000004160545e-07 20.0000001719073
6  18 2 0
6  19 2 2
6  20 4 0
0

0101000
+12 0 -24 0 *
Wi

0101000
+11 0 -23 0 -7 0 +7 1 *
Fa
0  0.003 5 0
2  2
0101000
+6 0 *
Wi

0101000
+20 0 +15 0 +10 0 +7 0 *
Fa
0  0.003 3 0
2  4
0101000
-4 0 *
Sh

0101000
-18 0 -13 0 -8 0 -5 0 +3 0 -3 1 *
So

0100000
+2 0 *

+1 0 