DBRep_DrawableShape

CASCADE Topology V1, (c) Matra-Datavision
Locations 4
1
              1               0               0 0.0193263740994271 
              0               1               0 59.0884620730428 
              0               0               1 10.4188903600068 
1
              1               0               0 0.0193263740994271 
              0               1               0 59.0884620730428 
              0               0               1 10.4188903600068 
2  2 -1 0
2  1 -1 0
Curve2ds 6
1 2.87979324261216 0 0 -1 
1 0.261799410977636 0 0 -1 
1 0 0 1 0 
1 0 -60 1 0 
1 0 0 1 0 
1 0 -60 1 0 
Curves 8
1 37.9640299795236 -61.2488779321016 6.9974799564951e-15 0.000322106234990452 0.984807701217381 0.173648172666779 
1 -37.9640299795236 -61.2240437421442 0 0.000322106234990452 0.984807701217381 0.173648172666779 
1 33.9975440666405 -61.2475805926901 0 -0.999999946510891 0.00032707524257081 0 
1 27.0482357850573 -54.1696766556776 -40.1278964420308 0.000322106234990452 0.984807701217381 0.173648172666779 
1 27.0482357850573 -54.1696766556776 -40.1278964420308 -0.258764192906752 0.167815897962511 -0.951251237507922 
1 -27.04360725786 -54.1519845520469 -40.1278964420308 0.000322106234990452 0.984807701217381 0.173648172666779 
2 0.00190266660959537 -55.4192473639434 -32.9910597554446 -0.000322106234990452 -0.984807701217381 -0.173648172666779 -0.999999946510891 0.00032707524257081 -2.03287907341032e-20 5.67960181969648e-05 0.173648163378493 -0.98480775389387 28
1 -27.04360725786 -54.1519845520469 -40.1278964420308 -0.258873914387684 -0.167646591343947 0.951251237507922 
Polygon3D 0
PolygonOnTriangulations 0
Surfaces 6
1 37.9640299795236 -61.2488779321016 0 -5.67960181969648e-05 -0.173648163378493 0.98480775389387 -0.999999946510891 0.00032707524257081 -6.7762635780344e-21 -0.000322106234990452 -0.984807701217381 -0.173648172666779 
1 37.9640299795236 -61.2488779321016 1.4210854715202e-14 -0.96594046851599 -0.0446275252952078 0.254887024520933 -0.258764192906752 0.167815897962511 -0.951251237507922 -0.000322106234990453 -0.984807701217381 -0.173648172666779 
2 0.00190266660959537 -55.4192473639434 -32.9910597554446 -0.000322106234990452 -0.984807701217381 -0.173648172666779 -0.999999946510891 0.00032707524257081 -2.03287907341032e-20 5.67960181969648e-05 0.173648163378493 -0.98480775389387 28
1 -27.04360725786 -54.1519845520469 -40.1278964420308 0.965911068731056 -0.0452593861391613 0.254887024520934 -0.258873914387684 -0.167646591343948 0.951251237507922 -0.00032210623499046 -0.984807701217381 -0.173648172666779 
2 0.00190266660959537 -55.4192473639434 -32.9910597554446 -0.000322106234990452 -0.984807701217381 -0.173648172666779 -0.999999946510891 0.00032707524257081 -2.03287907341032e-20 5.67960181969648e-05 0.173648163378493 -0.98480775389387 28
1 33.9975440666405 -61.2475805926901 0 -0.000322106234990452 -0.984807701217381 -0.173648172666779 -0.999999946510891 0.00032707524257081 0 5.67960181969648e-05 0.173648163378493 -0.98480775389387 
Triangulations 0

TShapes 24
Ve
1e-07
37.9640299795236 -61.2488779321016 6.9974799564951e-15
0 0

0101100
*
Ed
 1e-07 1 1 0
1  1 0 0 60
0

0101000
+24 0 -24 1 *
Ve
1e-07
-37.9640299795236 -61.2240437421442 0
0 0

0101100
*
Ed
 1e-07 1 1 0
1  2 0 0 60
0

0101000
+22 0 -22 1 *
Ed
 1e-07 1 1 0
1  3 0 -3.96648612504688 71.9615778953247
0

0101000
+24 0 -22 0 *
Wi

0101000
+23 0 -21 0 -20 0 +20 1 *
Fa
0  1e-07 1 0

0111000
+19 0 *
Ve
1e-07
27.0482357850573 -54.1696766556776 -40.1278964420308
0 0

0101100
*
Ed
 1e-07 1 1 0
1  4 0 0 60
2  1 3 0 0 60
4 G1 2 0 3 0
0

0101000
+17 0 -17 1 *
Ed
 1e-07 1 1 0
1  5 0 -42.1843303427992 0
0

0101000
+24 0 -17 0 *
Wi

0101000
+23 0 -16 0 -15 0 +15 1 *
Fa
0  1e-07 2 0

0111000
+14 0 *
Ve
1e-07
-27.04360725786 -54.1519845520469 -40.1278964420308
0 0

0101100
*
Ed
 1e-07 1 1 0
1  6 0 0 60
2  2 3 0 0 60
4 G1 3 0 4 0
0

0101000
+12 0 -12 1 *
Ed
 1e-07 1 1 0
1  7 0 0.261799410977636 2.87979324261216
2  3 5 0 0.261799410977636 2.87979324261216
2  4 5 3 0.261799410977636 2.87979324261216
2  5 3 0 0.261799410977636 2.87979324261216
2  6 3 4 0.261799410977636 2.87979324261216
0

0101000
+12 0 -17 0 *
Wi

0101000
+11 0 -16 0 -10 0 +10 1 *
Fa
0  1e-07 3 0

0101000
+9 0 *
Ed
 1e-07 1 1 0
1  8 0 0 42.1843303427992
0

0101000
+12 0 -22 0 *
Wi

0101000
+11 0 -21 0 -7 0 +7 1 *
Fa
0  1e-07 4 0

0111000
+6 0 *
Wi

0101100
+20 0 -15 0 +10 0 -7 0 *
Fa
0  1e-07 6 0

0111000
+4 0 *
Sh

0101000
+18 0 -13 0 +8 0 -5 0 +3 0 -3 1 *
So

0100000
+2 0 *

+1 0 
0

