DBRep_DrawableShape

CASCADE Topology V1, (c) Matra-Datavision
Locations 2
1
              1               0               0              39 
              0               1               0               0 
              0               0               1              -0 
2  1 -1 0
Curve2ds 32
8 1.66787159190233 40.715401567328
1 67.5451483634843 1.6658414021355 0.0493253084227126 -0.998782766145374 
8 1.66787159190233 40.715401567328
1 -0.0581724613413638 1.66685680603234 0.0348782613864357 -0.999391568346792 
8 6.00000000000001 73.6274166441644
1 -6.00000000000001 0 1 0 
8 6.00000000000001 73.6274166441644
1 108 -6.61309271539571e-15 0 1 
8 6.00000000000001 75.5534481033474
1 -6.00000000000001 -39 1 0 
8 6.00000000000001 75.5534481033474
1 108 -6.61309271539571e-15 0 1 
8 -0.163532107643253 38.8643173273448
1 22.6250541047156 -0.163515023555626 -0.0144543322363973 -0.999895530682881 
8 -0.163532107643253 38.8643173273448
1 0.00236374741521672 -0.16351502355564 0.0144543322363973 -0.999895530682881 
8 64.2149885204958 86.8424063726266
1 -64.2149885204957 1.4210854715202e-14 1 3.46944695195361e-18 
8 64.2149885204958 86.8424063726266
1 62.5931478774022 28.2205610934445 0.707106754494009 0.707106807879085 
8 65.5768984774733 86.2782848704211
1 -64.2149885204957 -39.0237722222089 1 3.46944695195361e-18 
8 65.5768984774733 86.2782848704211
1 61.6301321478108 29.1835767503304 0.707106754494009 0.707106807879085 
8 -0.21672102124344 38.8084209385081
1 51.7318691111776 -0.216713414585163 -0.00837833306401185 -0.99996490115157 
8 -0.21672102124344 38.8084209385081
1 0.0018157608979716 -0.216713414585163 0.00837833306401186 -0.99996490115157 
8 44.8137089260654 96.547393798141
1 -44.8137089260654 4.9595162052534e-16 1 -0 
8 44.8137089260654 96.547393798141
1 124 44.8137089260654 0 1 
8 45.3778304282708 96.2204281609318
1 -44.8137089260654 -39.023772222209 1 -0 
8 45.3778304282708 96.2204281609318
1 122.638090145844 44.8137089260654 0 1 
8 -0.256153498766482 38.7701275756097
1 45.1788736226201 -0.256137031625806 -0.0113387967258599 -0.999935713778046 
8 -0.256153498766482 38.7701275756097
1 0.0029044724531226 -0.256137031625805 0.0113387967258599 -0.999935713778046 
8 34.8294202678092 80.0111983628823
1 -34.8294202678091 5.55111512312578e-16 1 1.73472347597681e-18 
8 34.8294202678092 80.0111983628823
1 139.812226319973 110.327862239242 -0.453990511423687 0.891006518235001 
8 35.1563859050183 79.5686872948137
1 -34.8294202678091 -39.023772222209 1 1.73472347597681e-18 
8 35.1563859050183 79.5686872948137
1 138.598755762671 109.709568088041 -0.453990511423687 0.891006518235001 
8 -4.85601257976334 34.2591912826174
1 49.6315921535241 -4.84466166883816 0.0683339483738026 -0.997662503805594 
8 -4.85601257976334 34.2591912826174
1 170.189077711884 -4.84171043252346 -0.0766929965814945 -0.997054754903336 
8 -4.87765653115799 44.422105109438
1 4.87765653115798 6.80011602582908e-16 1 1.73472347597681e-18 
8 -4.87765653115799 44.422105109438
1 99.141878422947 183.832772728854 -0.891006368504463 0.453990805286284 
8 -4.43514546308935 47.0950014308007
1 4.87765653115797 -39.023772222209 1 1.73472347597681e-18 
8 -4.43514546308935 47.0950014308007
1 98.5235838715313 182.619302375472 -0.891006368504463 0.453990805286284 
8 -111 59.5614998680631
1 111 0 1 0 
8 -111 59.5614998680631
1 1.2491397351303e-14 204 1 0 
Curves 22
1 -118 -29.9390701644175 -111 1 0 -0 
1 -118 -204 -111 1 0 -0 
1 -118 -6.79678973526781e-15 -111 0 -1 0 
1 -118 -6 -90.1900837885389 1 0 -0 
1 -118 -8.40758679683003 -92.2829670613539 0 -0.754709580193412 -0.656059029024282 
1 -118 -6 108 1 0 -0 
1 -118 -6 3.67394039744206e-16 0 0 1 
1 -119.665841402135 -73.5451483634843 108 0.998782766145374 -0.0493253084227126 0 
1 -118 6.61309271539571e-15 108 0 -1 0 
1 -117.836584585356 -89.629781599546 123.994293408628 0.999286421481295 -0.0144543322363973 -0.0348958467830744 
1 -118 -28.2205610934445 62.5931478774022 0 -0.707106807879085 0.707106754494009 
1 -79 -29.1835767503304 61.6301321478108 0 -0.707106807879085 0.707106754494009 
1 -117.783418601341 -141.359286963308 123.992436811768 0.999355749691378 0.00837833306401185 -0.0348982677772406 
1 -118 -44.8137089260654 124 0 -1 -0 
1 -79 -44.8137089260654 122.638090145844 0 -1 -0 
1 -117.744019000098 -181.611715363475 103.481255304505 0.999326580098009 0.025945961781802 -0.0259459703390341 
1 -118 -110.327862239242 139.812226319973 0 -0.891006518235001 -0.453990511423687 
1 -79 -109.709568088041 138.598755762671 0 -0.891006518235001 -0.453990511423687 
1 -113.158289567477 -204 59.1890777118836 0.997054754903336 -0 -0.0766929965814945 
1 -118 -183.832772728854 99.141878422947 0 -0.453990805286284 -0.891006368504463 
1 -79 -182.619302375472 98.5235838715313 0 -0.453990805286284 -0.891006368504463 
1 -118 -204 1.2491397351303e-14 0 0 1 
Polygon3D 0
PolygonOnTriangulations 0
Surfaces 10
1 -118 -29.9390701644175 -111 0 -0 -1 0 -1 0 -1 -0 0 
1 -118 -6 -90.1900837885389 -0 0.656059029024282 -0.754709580193412 0 -0.754709580193412 -0.656059029024282 -1 -0 0 
1 -118 -6 -90.1900837885389 0 -1 0 0 0 1 -1 0 0 
1 -118 -6 108 0 -0 -1 0 -1 0 -1 -0 0 
1 -118 -73.6274166441644 108 -0.0348994927092455 -0.70667600426316 -0.706676057615716 3.46944695195361e-18 -0.707106807879085 0.707106754494009 -0.999390827158543 0.0246776670231219 0.024677668886234 
1 -118 0 0 1 0 -0 0 0 1 0 -1 0 
1 -118 -89.6274178521308 124 -0.0348994927092455 0 -0.999390827158543 0 -1 0 -0.999390827158543 0 0.0348994927092455 
1 -118 -141.361102724206 124 -0.0348994927092455 0.453713952733849 -0.890463741262531 1.73472347597681e-18 -0.891006518235001 -0.453990511423687 -0.999390827158543 -0.0158440385434976 0.0310956754870327 
1 -118 -181.618361512364 103.487901455586 -0.0348994927092455 0.890463591623205 -0.453714246417433 0 -0.453990805286284 -0.891006368504463 -0.999390827158543 -0.0310956702615128 0.0158440487991532 
1 -118 -204 -111 0 -1 0 0 0 1 -1 0 0 
Triangulations 0

TShapes 62
Ve
1e-07
-118 -29.9390701644175 -111
0 0

0101101
*
Ed
 1e-07 1 1 0
1  1 0 0 39
0

0101000
+62 0 -62 1 *
Ve
1e-07
-118 -204 -111
0 0

0101101
*
Ed
 1e-07 1 1 0
1  2 0 0 39
0

0101000
+60 0 -60 1 *
Ed
 1e-07 1 1 0
1  3 0 29.9390701644174 204
0

0101000
+62 0 -60 0 *
Wi

0101000
+61 0 -59 0 -58 0 +58 1 *
Fa
0  1e-07 1 0

0101000
+57 0 *
Ve
1e-07
-118 -6 -90.1900837885389
0 0

0101101
*
Ed
 1e-07 1 1 0
1  4 0 0 39
0

0101000
+55 0 -55 1 *
Ed
 1e-07 1 1 0
1  5 0 -3.19008378853894 28.529495229237
0

0101000
+55 0 -62 0 *
Wi

0101000
+54 0 -61 0 -53 0 +53 1 *
Fa
0  1e-07 2 0

0101000
+52 0 *
Ve
1e-07
-118 -6 108
0 0

0101101
*
Ed
 1e-07 1 1 0
1  6 0 0 39
0

0101000
+50 0 -50 1 *
Ed
 1e-07 1 1 0
1  7 0 -90.1900837885389 108
0

0101000
+55 0 -50 0 *
Wi

0101000
+54 0 -49 0 -48 0 +48 1 *
Fa
0  1e-07 3 0

0101000
+47 0 *
Ve
1e-07
-118 -73.6274166441644 108
0 0

0101101
*
Ve
1e-07
-79 -75.5534481033474 108
0 0

0101101
*
Ed
 1e-07 1 1 0
1  8 0 1.66787159190233 40.715401567328
2  1 4 0 1.66787159190233 40.715401567328
2  2 5 0 1.66787159190233 40.715401567328
0

0101000
+45 0 -44 0 *
Ed
 1e-07 1 1 0
1  9 0 6.00000000000001 73.6274166441644
2  3 4 0 6.00000000000001 73.6274166441644
2  4 6 0 6.00000000000001 73.6274166441644
0

0101000
+50 0 -45 0 *
Ed
 1e-07 1 1 0
1  9 0 6.00000000000001 75.5534481033474
2  5 4 2 6.00000000000001 75.5534481033474
2  6 6 0 6.00000000000001 75.5534481033474
0

0101000
+50 0 -44 2 *
Wi

0101000
+49 0 -43 0 -42 0 +41 1 *
Fa
0  1e-07 4 0

0101000
+40 0 *
Ve
1e-07
-118 -89.6274178521308 124
0 0

0101101
*
Ve
1e-07
-79 -90.1915393543362 122.638090145844
0 0

0101101
*
Ed
 1e-07 1 1 0
1  10 0 -0.163532107643253 38.8643173273448
2  7 5 0 -0.163532107643253 38.8643173273448
2  8 7 0 -0.163532107643253 38.8643173273448
0

0101000
+38 0 -37 0 *
Ed
 1e-07 1 1 0
1  11 0 64.2149885204958 86.8424063726266
2  9 5 0 64.2149885204958 86.8424063726266
2  10 6 0 64.2149885204958 86.8424063726266
0

0101000
+45 0 -38 0 *
Ed
 1e-07 1 1 0
1  12 2 65.5768984774733 86.2782848704211
2  11 5 2 65.5768984774733 86.2782848704211
2  12 6 0 65.5768984774733 86.2782848704211
0

0101000
+44 2 -37 2 *
Wi

0101000
+43 0 -36 0 -35 0 +34 1 *
Fa
0  1e-07 5 0

0101000
+33 0 *
Ve
1e-07
-118 -141.361102724206 124
0 0

0101101
*
Ve
1e-07
-79 -141.034137086997 122.638090145844
0 0

0101101
*
Ed
 1e-07 1 1 0
1  13 0 -0.21672102124344 38.8084209385081
2  13 7 0 -0.21672102124344 38.8084209385081
2  14 8 0 -0.21672102124344 38.8084209385081
0

0101000
+31 0 -30 0 *
Ed
 1e-07 1 1 0
1  14 0 44.8137089260654 96.547393798141
2  15 7 0 44.8137089260654 96.547393798141
2  16 6 0 44.8137089260654 96.547393798141
0

0101000
+38 0 -31 0 *
Ed
 1e-07 1 1 0
1  15 2 45.3778304282708 96.2204281609318
2  17 7 2 45.3778304282708 96.2204281609318
2  18 6 0 45.3778304282708 96.2204281609318
0

0101000
+37 2 -30 2 *
Wi

0101000
+36 0 -29 0 -28 0 +27 1 *
Fa
0  1e-07 7 0

0101000
+26 0 *
Ve
1e-07
-118 -181.618361512364 103.487901455586
0 0

0101101
*
Ve
1e-07
-79 -180.605787115122 102.475326724388
0 0

0101101
*
Ed
 1e-07 1 1 0
1  16 0 -0.256153498766482 38.7701275756097
2  19 8 0 -0.256153498766482 38.7701275756097
2  20 9 0 -0.256153498766482 38.7701275756097
0

0101000
+24 0 -23 0 *
Ed
 1e-07 1 1 0
1  17 0 34.8294202678092 80.0111983628823
2  21 8 0 34.8294202678092 80.0111983628823
2  22 6 0 34.8294202678092 80.0111983628823
0

0101000
+31 0 -24 0 *
Ed
 1e-07 1 1 0
1  18 2 35.1563859050183 79.5686872948137
2  23 8 2 35.1563859050183 79.5686872948137
2  24 6 0 35.1563859050183 79.5686872948137
0

0101000
+30 2 -23 2 *
Wi

0101000
+29 0 -22 0 -21 0 +20 1 *
Fa
0  1e-07 8 0

0101000
+19 0 *
Ve
1e-07
-118 -204 59.5614998680631
0 0

0101101
*
Ve
1e-07
-79 -204 56.5616376719611
0 0

0101101
*
Ed
 1e-07 1 1 0
1  19 0 -4.85601257976334 34.2591912826174
2  25 9 0 -4.85601257976334 34.2591912826174
2  26 10 0 -4.85601257976334 34.2591912826174
0

0101000
+17 0 -16 0 *
Ed
 1e-07 1 1 0
1  20 0 -4.87765653115799 44.422105109438
2  27 9 0 -4.87765653115799 44.422105109438
2  28 6 0 -4.87765653115799 44.422105109438
0

0101000
+24 0 -17 0 *
Ed
 1e-07 1 1 0
1  21 2 -4.43514546308935 47.0950014308007
2  29 9 2 -4.43514546308935 47.0950014308007
2  30 6 0 -4.43514546308935 47.0950014308007
0

0101000
+23 2 -16 2 *
Wi

0101000
+22 0 -15 0 -14 0 +13 1 *
Fa
0  1e-07 9 0

0101000
+12 0 *
Ed
 1e-07 1 1 0
1  22 0 -111 59.5614998680631
2  31 10 0 -111 59.5614998680631
2  32 6 0 -111 59.5614998680631
0

0101000
+60 0 -17 0 *
Ed
 1e-07 1 1 0
1  22 0 -111 56.5616376719611
0

0101000
+60 0 -16 2 *
Wi

0101000
+59 0 -15 0 -10 0 +9 1 *
Fa
0  1e-07 10 0

0101000
+8 0 *
Wi

0101100
+58 0 +53 0 -48 0 -42 0 -35 0 -28 0 -21 0 -14 0 +10 0 *
Fa
0  1e-07 6 0

0101000
-6 0 *
Wi

0101100
+58 0 +53 0 -48 0 -41 0 -34 0 -27 0 -20 0 -13 0 +9 0 *
Fa
0  1e-07 6 0

0101000
-4 0 *
Sh

0101000
-56 0 -51 0 +46 0 +39 0 +32 0 +25 0 +18 0 +11 0 -7 0 +5 0 
-3 1 *
So

0100000
-2 0 *

+1 0 
0

