DBRep_DrawableShape

CASCADE Topology V1, (c) Matra-Datavision
Locations 12
1
0.173648217668138               0 0.984807745958915               0 
              0               1               0               0 
-0.984807745958915               0 0.173648217668138               0 
1
              1               0               0              -0 
              0               1               0              15 
              0               0               1               0 
1
              1               0               0               0 
              0               1               0             -30 
              0               0               1              -0 
2  2 1 3 1 0
1
              1               0               0               0 
              0               1               0            -430 
              0               0               1              -0 
2  5 -1 0
2  2 -1 0
2  3 -1 2 -1 0
1
              1               0               0               0 
              0               1               0               0 
              0               0               1               0 
2  9 -1 1 -1 0
2  9 -1 1 -1 2 -1 0
2  9 -1 1 -1 3 -1 2 -1 0
Curve2ds 16
1 0.959931015968323 0 0 -1 
1 2.18166163762147 0 0 -1 
1 0 0 1 0 
1 0 -430 1 0 
1 0 0 1 0 
1 0 -30 1 0 
1 0.959931015968323 0 0 -1 
1 5.84685296217074 -75 0 -1 
1 2.18166163762147 0 0 -1 
1 0.785398276644298 -75 0 -1 
1 0 0 1 0 
1 0 -430 1 0 
1 0 0 1 0 
1 0 -30 1 0 
1 4.88692194620241 -75 1 0 
1 4.88692194620241 -105 1 0 
Curves 8
1 122.214976750458 15 174.541048459749 0 -1 -0 
1 -122.214976750458 15 174.541048459749 0 -1 -0 
2 0 0 0 0 -1 -0 1 0 0 0 -0 1 213.075287491402
1 93.4771761047708 15 133.49922209368 0 -1 -0 
1 0 0 0 0.573576495844877 0 0.81915200263096 
1 -93.4771761047708 15 133.49922209368 0 -1 -0 
2 0 0 0 0 -1 -0 1 0 0 0 -0 1 162.972466239362
1 0 0 0 0.573576495844877 0 -0.81915200263096 
Polygon3D 0
PolygonOnTriangulations 0
Surfaces 8
2 0 15 0 -0 1 0 1 0 0 0 -0 1 213.075287491402
2 0 0 0 -0 1 0 1 0 0 0 -0 1 213.075287491402
1 93.4771761047708 15 133.49922209368 -0.81915200263096 -0 0.573576495844877 0.573576495844877 0 0.81915200263096 -0 1 0 
2 0 15 0 -0 1 0 1 0 0 0 -0 1 162.972466239362
2 0 90 0 -0 1 0 1 0 0 0 -0 1 162.972466239362
2 0 0 0 -0 1 0 1 0 0 0 -0 1 162.972466239362
1 -122.214976750458 15 174.541048459749 0.81915200263096 0 0.573576495844877 0.573576495844877 0 -0.81915200263096 -0 1 0 
1 0 0 0 0 -1 -0 1 0 0 0 -0 1 
Triangulations 0

TShapes 24
Ve
1e-07
122.214976750458 0 174.541048459749
0 0

0101101
*
Ed
 1e-07 1 1 0
1  1 0 0 30
2  1 1 0 0 30
0

0101000
+24 2 -24 4 *
Ve
1e-07
-122.214976750458 0 174.541048459749
0 0

0101101
*
Ed
 1e-07 1 1 0
1  2 0 0 30
2  2 1 0 0 30
0

0101000
+22 2 -22 4 *
Ed
 1e-07 1 1 0
1  3 0 0.959931015968323 2.18166163762147
2  3 2 0 0.959931015968323 2.18166163762147
2  4 2 6 0.959931015968323 2.18166163762147
2  5 1 7 0.959931015968323 2.18166163762147
2  6 1 8 0.959931015968323 2.18166163762147
0

0101000
+24 0 -22 0 *
Wi

0101000
+23 0 -21 0 -20 2 +20 4 *
Fa
0  1e-07 1 0

0111000
+19 0 *
Ve
1e-07
93.4771761047708 0 133.49922209368
0 0

0101101
*
Ed
 1e-07 1 1 0
1  4 0 0 30
2  7 4 0 0 30
2  8 5 10 0 30
0

0101000
+17 2 -17 4 *
Ed
 1e-07 1 1 0
1  5 0 162.972466239362 213.075287491402
0

0101000
+17 0 -24 0 *
Wi

0101000
+16 0 -23 0 -15 2 +15 4 *
Fa
0  1e-07 3 0

0111000
+14 0 *
Ve
1e-07
-93.4771761047708 0 133.49922209368
0 0

0101101
*
Ed
 1e-07 1 1 0
1  6 0 0 30
2  9 4 0 0 30
2  10 5 10 0 30
0

0101000
+12 2 -12 4 *
Ed
 1e-07 1 1 0
1  7 0 0.959931015968323 2.18166163762147
2  11 6 0 0.959931015968323 2.18166163762147
2  12 6 6 0.959931015968323 2.18166163762147
2  13 4 7 0.959931015968323 2.18166163762147
2  14 4 8 0.959931015968323 2.18166163762147
2  15 5 11 0.959931015968323 2.18166163762147
2  16 5 12 0.959931015968323 2.18166163762147
0

0101000
+17 0 -12 0 *
Wi

0101000
+16 0 -11 0 -10 2 +10 4 *
Fa
0  1e-07 4 0

0111000
+9 0 *
Ed
 1e-07 1 1 0
1  8 0 -213.075287491402 -162.972466239362
0

0101000
+22 0 -12 0 *
Wi

0101000
+21 0 -11 0 -7 2 +7 4 *
Fa
0  1e-07 7 0

0111000
+6 0 *
Wi

0101100
-20 0 -15 0 +10 0 -7 0 *
Fa
0  1e-07 8 0

0111000
-4 0 *
Sh

0101000
+18 0 +13 0 -8 0 +5 0 +3 2 -3 4 *
So

0100000
-2 0 *

+1 1 