DBRep_DrawableShape

CASCADE Topology V1, (c) Matra-Datavision
Locations 5
1
              1               0               0 17.9184014775275 
              0               1               0 46.679019789303 
              0               0               1              -0 
1
              1               0               0 -35.836802955055 
              0               1               0 -93.358039578606 
              0               0               1               0 
2  1 1 2 1 0
2  1 -1 0
2  2 -1 1 -1 0
Curve2ds 4
1 5.80534877066668 0 0 -1 
1 6.77154062544899 0 0 -1 
1 0 0 1 0 
1 0 -100 1 0 
Curves 8
1 65.5255433073348 38.7686771497719 15.6236106510397 -0.35836802955055 -0.93358039578606 0 
1 65.5255433073348 38.7686771497719 45.3860855102539 -0.35836802955055 -0.93358039578606 0 
1 47.6071418298073 -7.91034263953106 30.5906143188477 0 0 1 
1 23.8938380611733 54.7495956043998 15.3890733463764 -0.35836802955055 -0.93358039578606 0 
2 27 0 -27 -0.35836802955055 -0.93358039578606 0 0 0 1 -0.93358039578606 0.35836802955055 0 48
1 23.8938380611733 54.7495956043998 45.3860855102539 -0.35836802955055 -0.93358039578606 0 
1 5.97543658364578 8.07057581509676 35.8046646118164 0 0 1 
1 38.9985011984277 -4.60579426415655 45.3860855102539 -0.93358039578606 0.35836802955055 0 
Polygon3D 0
PolygonOnTriangulations 0
Surfaces 5
1 65.5255433073348 38.7686771497719 15.6236106510397 -0.93358039578606 0.35836802955055 0 0 0 1 0.35836802955055 0.93358039578606 -0 
2 44.9184014775275 46.679019789303 -27 0.35836802955055 0.93358039578606 -0 0 0 1 -0.93358039578606 0.35836802955055 0 48
1 23.8938380611733 54.7495956043998 15.3890733463764 -0.93358039578606 0.35836802955055 0 0 0 1 0.35836802955055 0.93358039578606 -0 
1 65.5255433073348 38.7686771497719 45.3860855102539 -0 0 -1 -0.93358039578606 0.35836802955055 0 0.35836802955055 0.93358039578606 0 
1 27 0 -27 -0.35836802955055 -0.93358039578606 0 0 0 1 -0.93358039578606 0.35836802955055 0 
Triangulations 0

TShapes 24
Ve
1e-07
47.6071418298073 -7.91034263953105 15.6236106510397
0 0

0101101
*
Ed
 1e-07 1 1 0
1  1 0 0 100
2  1 2 0 0 100
0

0101000
+24 1 -24 3 *
Ve
1e-07
47.6071418298073 -7.91034263953106 45.3860855102539
0 0

0101101
*
Ed
 1e-07 1 1 0
1  2 0 0 100
0

0101000
+22 1 -22 3 *
Ed
 1e-07 1 1 0
1  3 0 -14.967003667808 14.7954711914062
0

0101000
+24 0 -22 0 *
Wi

0101000
+23 0 -21 0 -20 1 +20 3 *
Fa
0  1e-07 1 0

0111000
+19 0 *
Ve
1e-07
5.97543658364578 8.07057581509676 15.3890733463764
0 0

0101101
*
Ed
 1e-07 1 1 0
1  4 0 0 100
2  2 2 0 0 100
0

0101000
+17 1 -17 3 *
Ed
 1e-07 1 1 0
1  5 0 5.80534877066668 6.77154062544899
2  3 2 4 5.80534877066668 6.77154062544899
2  4 2 5 5.80534877066668 6.77154062544899
0

0101000
+24 0 -17 0 *
Wi

0101000
+23 0 -16 0 -15 1 +15 3 *
Fa
0  1e-07 2 0

0111000
+14 0 *
Ve
1e-07
5.97543658364578 8.07057581509676 45.3860855102539
0 0

0101101
*
Ed
 1e-07 1 1 0
1  6 0 0 100
0

0101000
+12 1 -12 3 *
Ed
 1e-07 1 1 0
1  7 0 -20.41559126544 9.5814208984375
0

0101000
+17 0 -12 0 *
Wi

0101000
+16 0 -11 0 -10 1 +10 3 *
Fa
0  1e-07 3 0

0111000
+9 0 *
Ed
 1e-07 1 1 0
1  8 0 -9.22110261766078 35.3724915002923
0

0101000
+22 0 -12 0 *
Wi

0101000
+21 0 -11 0 -7 1 +7 3 *
Fa
0  1e-07 4 0

0101000
+6 0 *
Wi

0101100
-20 0 +15 0 +10 0 -7 0 *
Fa
0  1e-07 5 0

0111000
-4 0 *
Sh

0101000
+18 0 -13 0 -8 0 +5 0 +3 1 -3 3 *
So

1100000
-2 0 *

+1 0 