DBRep_DrawableShape

CASCADE Topology V1, (c) Matra-Datavision
Locations 0
Curve2ds 12
2 0 0 1 0 -0 1 0.0244948974278318
1 0 -0.201357920790331 1 0 
1 0.00719138307906304 0.0131637384283556 0.877582561890373 -0.479425538604203 
1 0.00477668244562803 -0.0014776010333067 -0.29552020666134 -0.955336489125606 
7 0 0  8 9 2  0.159058035826409 0.20135792079033  0.151161777792599 0.151417599817478  0.145657361092859 0.101128187489927  0.142406741825425 0.0506177935808552  0.141331600397848 2.8421709430404e-14  0.142406741825425 -0.0506177935808978  0.145657361092901 -0.10112818748992  0.151161777792599 -0.151417599817478  0.159058035826409 -0.20135792079033 
 2.88891239844772 9 3.39427290873187 9
2 -0 0 0.29552020666134 0.955336489125606 -0.955336489125606 0.29552020666134 0.02
7 0 0  8 9 2  1.98253461776339 -0.20135792079032  1.99043087579719 -0.15141759981747  1.99593529249319 -0.101128187489948  1.99918591177266 -0.0506177935807699  2.00026105317374 -1.4210854715202e-13  1.99918591177629 0.0506177935809546  1.99593529249364 0.101128187489891  1.99043087579719 0.151417599817471  1.98253461776339 0.201357920790321 
 6.03050505203752 9 6.53586556232165 9
2 -0 0 0.29552020666134 0.955336489125606 -0.955336489125606 0.29552020666134 0.02
1 0 0.201357920790331 1 0 
2 0 0 -1 0 0 1 0.0244948974278318
1 -0.00719138307906304 0.0131637384283556 0.877582561890373 0.479425538604203 
1 -0.00477668244562803 0.0014776010333067 0.29552020666134 0.955336489125606 
Curves 6
2 -0.005 -0.01 0 -1 0 0 0 0.479425538604203 0.877582561890373 0 0.877582561890373 -0.479425538604203 0.0244948974278318
1 -0.005 0.005 0 0 0 1 
8 2.88891239844772 3.39427290873187
2 0 0.005 0 0 -1 0 0 -0 -1 1 0 0 0.02
8 6.03050505203752 6.53586556232165
2 0 0.005 0 0 -1 0 0 -0 -1 1 0 0 0.02
2 0.005 -0.01 0 -1 0 0 0 0.479425538604203 0.877582561890373 0 0.877582561890373 -0.479425538604203 0.0244948974278318
1 0.005 0.005 0 -0 -0 -1 
Polygon3D 0
PolygonOnTriangulations 12
4 1 3 4 2 
p 0.00250001 1 0.159058035826406 0.766883563138755 1.3747090904511 1.98253461776345 
4 1 2 3 4 
p 0.00250001 1 0.159058035826406 0.766883563138755 1.3747090904511 1.98253461776345 
2 2 1 
p 0.00250001 1 -0.0193649167310381 0.0193649167310371 
2 1 2 
p 0.00250001 1 -0.0193649167310381 0.0193649167310371 
2 5 1 
p 0.00250001 1 2.88891239844772 3.39427290873187 
2 4 2 
p 0.00250001 1 2.88891239844772 3.39427290873187 
2 4 6 
p 0.00250001 1 6.03050505203752 6.53586556232165 
2 1 3 
p 0.00250001 1 6.03050505203752 6.53586556232165 
5 5 7 8 9 6 
p 0.00250001 1 0.159058035826406 0.768267600797149 1.37747716576789 1.68000589176567 1.98253461776345 
5 1 2 3 4 5 
p 0.00250001 1 0.159058035826406 0.768267600797149 1.37747716576789 1.68000589176567 1.98253461776345 
2 4 3 
p 0.00250001 1 -0.0193649167310371 0.0193649167310381 
2 1 5 
p 0.00250001 1 -0.0193649167310371 0.0193649167310381 
Surfaces 4
1 -0.005 -0.01 0 -1 0 0 0 0.479425538604203 0.877582561890373 0 0.877582561890373 -0.479425538604203 
4 0 -0.01 0 1 -0 -0 0 0.479425538604203 0.877582561890373 0 0.877582561890373 -0.479425538604203 0.025
1 0 0.005 0 0 -1 0 -0.955336489125606 -0 -0.29552020666134 0.29552020666134 0 -0.955336489125606 
1 0.005 -0.01 0 -1 0 0 -0 -0.479425538604203 -0.877582561890373 0 0.877582561890373 -0.479425538604203 
Triangulations 4
4 2 1 0.00250001
-0.005 0.00499999999999996 0.0193649167310371 -0.005 0.00499999999999869 -0.0193649167310381 -0.005 0.0133723667846871 0.0073302435759021 -0.005 0.0133723667846867 -0.00733024357590362 0.0241856963146803 0.00387970279455253 -0.00980293015655574 0.0224477740621579 0.0176382034708242 0.0169968755458703 0.00477241559758143 0.0240254874948244 3 4 2 3 2 1 
9 7 1 0.00250001
-0.005 0.00499999999999996 0.0193649167310371 -0.005 0.0133723667846871 0.0073302435759021 -0.005 0.0133723667846867 -0.00733024357590362 -0.005 0.00499999999999869 -0.0193649167310381 0.005 0.00499999999999995 0.0193649167310371 0.005 0.00499999999999869 -0.0193649167310381 0.005 0.0133824897290177 0.00729788832967335 0.005 0.0133519866019943 -0.0073949118818469 0.005 0.0100882794958224 -0.01401645557542 0.159058035826406 -0.201357920790331 0.766883563138755 -0.201357920790331 1.3747090904511 -0.201357920790331 1.98253461776345 -0.201357920790331 0.159058035826409 0.20135792079033 1.98253461776339 0.201357920790321 0.768267600797149 0.201357920790331 1.37747716576789 0.201357920790331 1.68000589176567 0.201357920790331 6 9 4 9 8 3 8 7 3 2 5 1 3 7 2 9 3 4 7 5 2 
4 2 1 0.00250001
-0.005 0.00499999999999869 -0.0193649167310381 -0.005 0.00499999999999996 0.0193649167310371 0.005 0.00499999999999869 -0.0193649167310381 0.005 0.00499999999999995 0.0193649167310371 0.010499406639964 0.017022410528733 -0.000946041748707696 -0.0199776125953454 0.000946041748707933 0.0199776125953454 -0.0104994066399637 -0.017022410528732 1 3 2 3 4 2 
5 3 1 0.00250001
0.005 0.00499999999999995 0.0193649167310371 0.005 0.0133824897290177 0.00729788832967335 0.005 0.0133519866019943 -0.0073949118818469 0.005 0.0100882794958224 -0.01401645557542 0.005 0.00499999999999869 -0.0193649167310381 -0.0241856963146803 0.00387970279455253 -0.0176146622689861 0.0170212711966397 -0.00470589303991448 0.0240386058392929 0.00266976277558329 0.0243489705474813 0.00980293015655574 0.0224477740621579 5 2 1 5 3 2 5 4 3 

TShapes 21
Ve
1e-07
-0.005 0.00499999999999996 0.0193649167310371
0 0

0101101
*
Ve
1e-07
-0.005 0.00499999999999869 -0.0193649167310381
0 0

0101101
*
Ed
 1e-07 1 1 0
1  1 0 0.159058035826406 1.98253461776345
2  1 1 0 0.159058035826406 1.98253461776345
2  2 2 0 0.159058035826406 1.98253461776345
6  1 1 0
6  2 2 0
0

0101100
+21 0 -20 0 *
Ed
 1e-07 1 1 0
1  2 0 -0.0193649167310381 0.0193649167310371
2  3 1 0 -0.0193649167310381 0.0193649167310371
2  4 3 0 -0.0193649167310381 0.0193649167310371
6  3 1 0
6  4 3 0
0

0101000
+20 0 -21 0 *
Wi

0101000
+19 0 +18 0 *
Fa
0  1e-07 1 0
2  1
0101000
+17 0 *
Ve
1e-07
0.005 0.00499999999999995 0.0193649167310371
0 0

0101101
*
Ed
 1e-07 1 1 0
1  3 0 2.88891239844772 3.39427290873187
2  5 2 0 2.88891239844772 3.39427290873187
2  6 3 0 2.88891239844772 3.39427290873187
6  5 2 0
6  6 3 0
0

0101000
+15 0 -21 0 *
Ve
1e-07
0.005 0.00499999999999869 -0.0193649167310381
0 0

0101101
*
Ed
 1e-07 1 1 0
1  4 0 6.03050505203752 6.53586556232165
2  7 2 0 6.03050505203752 6.53586556232165
2  8 3 0 6.03050505203752 6.53586556232165
6  7 2 0
6  8 3 0
0

0101000
+20 0 -13 0 *
Ed
 1e-07 1 1 0
1  5 0 0.159058035826406 1.98253461776345
2  9 2 0 0.159058035826406 1.98253461776345
2  10 4 0 0.159058035826406 1.98253461776345
6  9 2 0
6  10 4 0
0

0101100
+15 0 -13 0 *
Wi

0101000
+19 0 +14 0 +12 0 -11 0 *
Fa
0  1e-07 2 0
2  2
0101000
+10 0 *
Ed
 1e-07 1 1 0
1  6 0 -0.0193649167310371 0.0193649167310381
2  11 4 0 -0.0193649167310371 0.0193649167310381
2  12 3 0 -0.0193649167310371 0.0193649167310381
6  11 3 0
6  12 4 0
0

0101000
+15 0 -13 0 *
Wi

0101000
-18 0 +12 0 +14 0 -8 0 *
Fa
0  1e-07 3 0
2  3
0101000
+7 0 *
Wi

0101000
-11 0 +8 0 *
Fa
0  1e-07 4 0
2  4
0101000
+5 0 *
Sh

0101100
+16 0 -9 0 +6 0 +4 0 *
So

0100000
+3 0 *
Co

0100000
+2 0 *

+1 0 