DBRep_DrawableShape

CASCADE Topology V1, (c) Matra-Datavision
Locations 1
1
              1               0               0              30 
              0               1               0               0 
              0               0               1              -0 
Curve2ds 0
Curves 14
1 -79 -75.5534481033474 5.81904507292189 1 0 -0 
1 -79 -204 5.81904507292189 1 0 -0 
1 -79 -105 5.81904507292189 0 -1 0 
1 -79 -75.5534481033474 108 1 0 -0 
1 -79 -75.5534481033474 108 0 0 1 
1 -79 -90.1915393543362 122.638090145844 1 0 -0 
1 -79 -29.1835767503304 61.6301321478108 0 -0.707106807879085 0.707106754494009 
1 -79 -141.034137086997 122.638090145844 1 0 -0 
1 -79 -44.8137089260654 122.638090145844 0 -1 0 
1 -79 -180.605787115122 102.475326724388 1 0 -0 
1 -79 -109.709568088041 138.598755762671 0 -0.891006518235001 -0.453990511423687 
1 -79 -204 56.561637671961 1 0 -0 
1 -79 -182.619302375472 98.5235838715313 0 -0.453990805286284 -0.891006368504463 
1 -79 -204 1.24344978758018e-14 0 0 1 
Polygon3D 0
PolygonOnTriangulations 0
Surfaces 8
1 -79 -75.5534481033474 5.81904507292189 0 -0 -1 0 -1 0 -1 -0 0 
1 -79 -75.5534481033474 5.81904507292188 0 -1 0 0 0 1 -1 0 0 
1 -79 -75.5534481033474 108 0 -0.707106754494009 -0.707106807879085 0 -0.707106807879085 0.707106754494009 -1 -0 0 
1 -79 -90.1915393543362 122.638090145844 0 -0 -1 0 -1 0 -1 -0 0 
1 -79 -141.034137086997 122.638090145844 -0 0.453990511423687 -0.891006518235001 0 -0.891006518235001 -0.453990511423687 -1 -0 0 
1 -79 -180.605787115122 102.475326724388 -0 0.891006368504463 -0.453990805286284 0 -0.453990805286284 -0.891006368504463 -1 -0 0 
1 -79 -204 5.81904507292189 0 -1 0 0 0 1 -1 0 0 
1 -79 -105 5.81904507292189 1 0 -0 0 0 1 0 -1 0 
Triangulations 0

TShapes 39
Ve
1e-07
-79 -75.5534481033474 5.81904507292189
0 0

0101101
*
Ed
 1e-07 1 1 0
1  1 0 0 30
0

0101000
+39 0 -39 1 *
Ve
1e-07
-79 -204 5.81904507292189
0 0

0101101
*
Ed
 1e-07 1 1 0
1  2 0 0 30
0

0101000
+37 0 -37 1 *
Ed
 1e-07 1 1 0
1  3 0 -29.4465518966526 99
0

0101000
+39 0 -37 0 *
Wi

0101000
+38 0 -36 0 -35 0 +35 1 *
Fa
0  1e-07 1 0

0101000
+34 0 *
Ve
1e-07
-79 -75.5534481033474 108
0 0

0101101
*
Ed
 1e-07 1 1 0
1  4 0 0 30
0

0101000
+32 0 -32 1 *
Ed
 1e-07 1 1 0
1  5 0 -102.180954927078 2.8421709430404e-14
0

0101000
+39 0 -32 0 *
Wi

0101000
+38 0 -31 0 -30 0 +30 1 *
Fa
0  1e-07 2 0

0101000
+29 0 *
Ve
1e-07
-79 -90.1915393543362 122.638090145844
0 0

0101101
*
Ed
 1e-07 1 1 0
1  6 0 0 30
0

0101000
+27 0 -27 1 *
Ed
 1e-07 1 1 0
1  7 0 65.5768984774733 86.2782848704211
0

0101000
+32 0 -27 0 *
Wi

0101000
+31 0 -26 0 -25 0 +25 1 *
Fa
0  1e-07 3 0

0101000
+24 0 *
Ve
1e-07
-79 -141.034137086997 122.638090145844
0 0

0101101
*
Ed
 1e-07 1 1 0
1  8 0 0 30
0

0101000
+22 0 -22 1 *
Ed
 1e-07 1 1 0
1  9 0 45.3778304282708 96.2204281609318
0

0101000
+27 0 -22 0 *
Wi

0101000
+26 0 -21 0 -20 0 +20 1 *
Fa
0  1e-07 4 0

0101000
+19 0 *
Ve
1e-07
-79 -180.605787115122 102.475326724388
0 0

0101101
*
Ed
 1e-07 1 1 0
1  10 0 0 30
0

0101000
+17 0 -17 1 *
Ed
 1e-07 1 1 0
1  11 0 35.1563859050183 79.5686872948137
0

0101000
+22 0 -17 0 *
Wi

0101000
+21 0 -16 0 -15 0 +15 1 *
Fa
0  1e-07 5 0

0101000
+14 0 *
Ve
1e-07
-79 -204 56.561637671961
0 0

0101101
*
Ed
 1e-07 1 1 0
1  12 0 0 30
0

0101000
+12 0 -12 1 *
Ed
 1e-07 1 1 0
1  13 0 -4.43514546308938 47.0950014308007
0

0101000
+17 0 -12 0 *
Wi

0101000
+16 0 -11 0 -10 0 +10 1 *
Fa
0  1e-07 6 0

0101000
+9 0 *
Ed
 1e-07 1 1 0
1  14 0 5.81904507292188 56.561637671961
0

0101000
+37 0 -12 0 *
Wi

0101000
+36 0 -11 0 -7 0 +7 1 *
Fa
0  1e-07 7 0

0101000
+6 0 *
Wi

0101100
+35 0 -30 0 -25 0 -20 0 -15 0 -10 0 +7 0 *
Fa
0  1e-07 8 0

0101000
-4 0 *
Sh

0101000
-33 0 +28 0 +23 0 +18 0 +13 0 +8 0 -5 0 +3 0 -3 1 *
So

0100000
-2 0 *

+1 0 
0

