DBRep_DrawableShape

CASCADE Topology V1, (c) Matra-Datavision
Locations 9
1
              1               0               0             0.3 
              0               1               0               0 
              0               0               1               0 
1
              1               0               0            -0.3 
              0               1               0               0 
              0               0               1               0 
1
              1               0               0            -0.3 
              0               1               0               0 
              0               0               1               0 
2  1 1 2 1 3 1 0
1
              1               0               0               0 
              0 0.959492973614497 -0.28173255684143               0 
              0 0.28173255684143 0.959492973614497               0 
1
              1               0               0               3 
              0               1               0               0 
              0               0               1               0 
2  5 1 6 1 0
2  5 -1 0
2  6 -1 5 -1 0
Curve2ds 4
1 4.20091292251028 0 0 -1 
1 5.2238650382591 0 0 -1 
1 0 0 1 0 
1 0 -3 1 0 
Curves 6
1 0 2.21313332317228 0.649834576088109 1 0 0 
1 0 4.87299064684536 -1.11980451676071 1 0 0 
1 0 2.62302572044107 -0.377142645894083 0 0.642787651963577 -0.76604440764433 
1 0 3.49400856777998 3.57657715256921 1 0 0 
2 0 0 0 1 0 -0 0 0 1 0 -1 0 5
1 0 2.62302572044107 0.377142645894083 0 0.642787651963577 0.76604440764433 
Polygon3D 0
PolygonOnTriangulations 0
Surfaces 4
1 0 2.21313332317228 0.649834576088109 -0 0.553920017917616 0.832569885204928 0 0.832569885204928 -0.553920017917616 -1 0 -0 
2 0 0 0 -1 -0 -0 0 -0.28173255684143 0.959492973614497 0 -0.959492973614497 -0.28173255684143 5
1 0 2.21313332317228 0.649834576088109 0 -0.916108435305212 0.400930585965498 0 0.400930585965498 0.916108435305212 -1 0 0 
1 0 0 0 1 0 0 0 0 1 0 -1 0 
Triangulations 0

TShapes 19
Ve
1e-07
0 2.30656542990118 -5.55111512312578e-17
0 0

0101100
*
Ed
 1e-07 1 1 0
1  1 0 0 3
0

0101000
+19 5 -19 7 *
Ve
1e-07
0 4.36011489646771 -2.44732468005379
0 0

0101100
*
Ed
 1e-07 1 1 0
1  2 0 0 3
2  1 2 0 0 3
0

0101000
+17 5 -17 7 *
Ed
 1e-07 1 1 0
1  3 0 -0.4923247818672 2.70243084278331
0

0101000
+19 0 -17 0 *
Wi

0101000
+18 0 -16 0 -15 5 +15 7 *
Fa
0  1e-07 1 0

0111000
+14 0 *
Ve
1e-07
0 4.36011489646771 2.44732468005379
0 0

0101100
*
Ed
 1e-07 1 1 0
1  4 0 0 3
2  2 2 0 0 3
0

0101000
+12 5 -12 7 *
Ed
 1e-07 1 1 0
1  5 0 4.20091292251028 5.2238650382591
2  3 2 8 4.20091292251028 5.2238650382591
2  4 2 9 4.20091292251028 5.2238650382591
0

0101000
+17 0 -12 0 *
Wi

0101000
+16 0 -11 0 -10 5 +10 7 *
Fa
0  1e-07 2 0

0111000
+9 0 *
Ed
 1e-07 1 1 0
1  6 0 -0.4923247818672 2.70243084278331
0

0101000
+19 0 -12 0 *
Wi

0101000
+18 0 -11 0 -7 5 +7 7 *
Fa
0  1e-07 3 0

0111000
+6 0 *
Wi

0101100
+15 0 +10 0 -7 0 *
Fa
0  1e-07 4 0

0111000
+4 0 *
Sh

0101000
+13 0 +8 0 -5 0 +3 5 -3 7 *
So

1100000
-2 0 *

+1 4 
0

