DBRep_DrawableShape

CASCADE Topology V1, (c) Matra-Datavision
Locations 2
1
              1               0               0 -19.3185150566274 
              0               1               0 -5.17638284813445 
              0               0               1 -4.12160930240122e-08 
2  1 -1 0
Curve2ds 8
1 9.00000014084962 -18.7500067064268 -0.999999999999646 8.421549418897e-07 
1 0 0 0 -1 
1 -8.9999999106404 -18.7499915476378 8.36217452120907e-08 0.999999999999996 
1 3.14159604454462 0 0 -1 
2 -3.45482776243479e-07 17.2500085523622 -0.999999999998563 -1.69542108884773e-06 -1.69542108884773e-06 0.999999999998563 8.999996554789
1 0 0 1 0 
1 0 -19.99999908459 1 0 
1 8.99999620929329 17.2499932925644 1.09209898016833e-07 -0.999999999999994 
Curves 8
1 53.9310150332347 24.0591144611598 2.999984741211 -0.965925797042278 -0.258819154253005 -2.06080474552467e-09 
1 58.5897598231153 6.67245006466321 2.9999999 -0.965925797042278 -0.258819154253005 -2.06080474552467e-09 
1 53.9310150332347 24.0591144611598 2.999984741211 0.258819154252911 -0.965925797041936 8.421549418897e-07 
1 58.5897589723099 6.6724529532669 38.999984741216 -0.965925797042278 -0.258819154253005 -2.06080474552467e-09 
1 58.5897598231153 6.67245006466321 2.9999999 -2.3633493839323e-08 8.02390251527377e-08 0.999999999999997 
1 53.9310159791357 24.0591106443665 38.9999847402022 -0.965925797042278 -0.258819154253005 -2.06080474552467e-09 
2 56.2603874757228 15.3657817988167 39 -0.965925797042278 -0.258819154253005 -2.06080474552474e-09 0.258819154252636 -0.965925797040889 -1.69542108884773e-06 4.36816867851912e-07 -1.63818434230885e-06 0.999999999998563 8.999996554789
1 53.9310159791357 24.0591106443665 38.9999847402022 -2.62750289744042e-08 1.06022033528133e-07 -0.999999999999994 
Polygon3D 0
PolygonOnTriangulations 20
2 1 2 
p 0.460830022572193 1 0 19.99999908459 
2 3 4 
p 0.460830022572193 1 0 19.99999908459 
2 3 4 
p 0.460830022572193 1 0 19.99999908459 
2 1 2 
p 0.460830022572193 1 0 19.99999908459 
2 1 3 
p 0.460830022572193 1 0 18.0000000514964 
2 2 4 
p 0.460830022572193 1 0 18.0000000514964 
2 1 2 
p 0.460830022572193 1 0 18.0000000514964 
2 1 2 
p 0.460830022572193 1 0 19.99999908459 
2 3 4 
p 0.460830022572193 1 0 19.99999908459 
2 1 3 
p 0.460830022572193 1 0 35.9999848412162 
2 2 4 
p 0.460830022572193 1 0 35.9999848412162 
2 2 3 
p 0.460830022572193 1 0 35.9999848412162 
2 3 4 
p 0.460830022572193 1 0 19.99999908459 
2 1 2 
p 0.460830022572193 1 0 19.99999908459 
15 2 18 19 20 21 22 23 24 25 26 27 28 29 30 4 
p 0.460830022572193 1 0 0.224399717467473 0.448799434934946 0.673199152402418 0.897598869869891 1.12199858733736 1.34639830480484 1.57079802227231 1.79519773973978 2.01959745720725 2.24399717467473 2.4683968921422 2.69279660960967 2.91719632707715 3.14159604454462 
15 1 5 6 7 8 9 10 11 12 13 14 15 16 17 3 
p 0.460830022572193 1 0 0.224399717467473 0.448799434934946 0.673199152402418 0.897598869869891 1.12199858733736 1.34639830480484 1.57079802227231 1.79519773973978 2.01959745720725 2.24399717467473 2.4683968921422 2.69279660960967 2.91719632707715 3.14159604454462 
15 3 4 5 6 7 8 9 10 11 12 13 14 15 16 17 
p 0.460830022572193 1 0 0.224399717467473 0.448799434934946 0.673199152402418 0.897598869869891 1.12199858733736 1.34639830480484 1.57079802227231 1.79519773973978 2.01959745720725 2.24399717467473 2.4683968921422 2.69279660960967 2.91719632707715 3.14159604454462 
2 2 4 
p 0.460830022572193 1 0 35.9999999989914 
2 1 3 
p 0.460830022572193 1 0 35.9999999989914 
2 17 1 
p 0.460830022572193 1 0 35.9999999989914 
Surfaces 5
1 53.9310150332347 24.0591144611598 2.999984741211 -2.19956414276249e-07 8.12925807736584e-07 0.999999999999646 0.258819154252911 -0.965925797041936 8.421549418897e-07 0.965925797042278 0.258819154253005 2.06080474552466e-09 
1 56.2603874206428 15.3657821417282 21.7499914476378 0.965925797042278 0.258819154253005 2.06080474552467e-09 -0.258819154253005 0.965925797042278 0 -1.99058446636943e-09 -5.33375741317274e-10 1 
1 58.5897598231153 6.67245006466321 2.9999999 -0.258819154253003 0.965925797042274 -8.36217452120907e-08 -2.3633493839323e-08 8.02390251527377e-08 0.999999999999997 0.965925797042278 0.258819154253005 2.06080474552467e-09 
2 56.2603874757228 15.3657817988167 39 0.965925797042278 0.258819154253005 2.06080474552479e-09 0.258819154252636 -0.965925797040889 -1.69542108884773e-06 4.36816867851912e-07 -1.63818434230885e-06 0.999999999998563 8.999996554789
1 53.9310159791357 24.0591106443665 38.9999847402022 0.258819154253003 -0.965925797042272 -1.09209898016833e-07 -2.62750289744042e-08 1.06022033528133e-07 -0.999999999999994 0.965925797042278 0.258819154253005 2.06080474552467e-09 
Triangulations 5
4 2 1 0.460830022572193
53.9310150332347 24.0591144611598 2.999984741211 34.6124999766073 18.8827316130253 2.99998469999491 58.5897598231153 6.67245006466321 2.9999999 39.2712447664879 1.49606721652876 2.99999985878391 0 0 -1.77635683940025e-15 -19.99999908459 18.0000000514964 0 18.0000000514964 -19.99999908459 1 2 3 4 3 2 
4 2 1 0.460830022572193
53.9310159791357 24.0591106443665 38.9999847402022 34.6125009225083 18.8827277962321 38.9999846989861 53.9310150332347 24.0591144611598 2.999984741211 34.6124999766073 18.8827316130253 2.99998469999491 0 0 0 -19.99999908459 35.9999999989914 0 35.9999999989914 -19.99999908459 1 2 4 4 3 1 
4 2 1 0.460830022572193
58.5897598231153 6.67245006466321 2.9999999 39.2712447664879 1.49606721652876 2.99999985878391 58.5897589723099 6.6724529532669 38.999984741216 39.2712439156825 1.49607010513245 38.9999847 0 0 0 -19.99999908459 35.9999848412162 -7.105427357601e-15 35.9999848412162 -19.99999908459 1 2 3 4 3 2 
18 17 1 0.460830022572193
53.9310150332347 24.0591144611598 2.999984741211 58.5897598231153 6.67245006466321 2.9999999 58.5897589723099 6.6724529532669 38.999984741216 58.5313575148487 6.89041004528466 41.0026748880028 58.3590798920835 7.53335858069015 42.9049423375865 58.0815648419589 8.56905836589278 44.6113992518147 57.7127281578046 9.94557497731449 46.0364765715182 57.2710648908503 11.5938839758454 47.1087148156677 56.7787219291352 13.4313320878821 47.7743473658435 56.2603874576763 15.365781794506 47.999996554789 55.7420529871224 17.300231501346 47.7743473656179 55.2497100280766 19.1376796140204 47.1087148152278 54.8080467654224 20.7859886135784 46.0364765708861 54.4392100869832 22.1625052263652 44.611399251022 54.161695043702 23.1982050132026 42.9049423366731 53.9894174285655 23.8411535504303 41.0026748870144 53.9310159791357 24.0591106443665 38.9999847402022 56.2603873833869 15.3657822509105 25.499990648 9.00000014084962 -18.7500067064268 -8.9999999106404 -18.7499915476378 -8.99999690025884 17.2499932935782 -8.77435110660332 19.252683440365 -8.1087217814638 21.1549508899487 -7.03648643037969 22.8614078041768 -5.61141152669994 24.2864851238804 -3.90495643030432 25.3587233680299 -2.00269010920786 26.0243559182057 -3.44975862986985e-07 26.2500051071512 2.00268941923072 26.0243559179801 3.90495574025219 25.35872336759 5.61141083652703 24.2864851232483 7.03648574004625 22.8614078033842 8.10872109093813 21.1549508890353 8.77435041586337 19.2526834393766 8.99999620929329 17.2499932925644 1.15104606734917e-07 3.74999920036219 5 3 10 5 4 3 10 3 17 6 5 7 8 10 9 7 5 8 5 10 8 3 2 18 13 17 16 10 17 13 1 17 18 18 2 1 12 11 13 16 14 13 11 10 13 15 14 16 17 3 18 
30 28 1 0.460830022572193
58.5897589723099 6.6724529532669 38.999984741216 39.2712439156825 1.49607010513245 38.9999847 53.9310159791357 24.0591106443665 38.9999847402022 34.6125009225083 18.8827277962321 38.9999846989861 58.5313575148487 6.89041004528466 41.0026748880028 58.3590798920835 7.53335858069015 42.9049423375865 58.0815648419589 8.56905836589278 44.6113992518147 57.7127281578046 9.94557497731449 46.0364765715182 57.2710648908503 11.5938839758454 47.1087148156677 56.7787219291352 13.4313320878821 47.7743473658435 56.2603874576763 15.365781794506 47.999996554789 55.7420529871224 17.300231501346 47.7743473656179 55.2497100280766 19.1376796140204 47.1087148152278 54.8080467654224 20.7859886135784 46.0364765708861 54.4392100869832 22.1625052263652 44.611399251022 54.161695043702 23.1982050132026 42.9049423366731 53.9894174285655 23.8411535504303 41.0026748870144 39.2128424582213 1.71402719715021 41.0026748467868 39.0405648354561 2.3569757325557 42.9049422963705 38.7630497853314 3.39267551775833 44.6113992105986 38.3942131011771 4.76919212918004 46.0364765303021 37.9525498342229 6.41750112771093 47.1087147744516 37.4602068725078 8.25494923974768 47.7743473246274 36.9418724010489 10.1893989463715 47.9999965135729 36.423537930495 12.1238486532115 47.7743473244018 35.9311949714492 13.9612967658859 47.1087147740117 35.489531708795 15.609605765444 46.03647652967 35.1206950303557 16.9861223782308 44.6113992098059 34.8431799870746 18.0218221650681 42.904942295457 34.6709023719381 18.6647707022959 41.0026748457984 0 0 0 -19.99999908459 3.14159604454462 0 3.14159604454462 -19.99999908459 0.224399717467473 0 0.448799434934946 0 0.673199152402418 0 0.897598869869891 0 1.12199858733736 0 1.34639830480484 0 1.57079802227231 0 1.79519773973978 0 2.01959745720725 0 2.24399717467473 0 2.4683968921422 0 2.69279660960967 0 2.91719632707715 0 0.224399717467473 -19.99999908459 0.448799434934946 -19.99999908459 0.673199152402418 -19.99999908459 0.897598869869891 -19.99999908459 1.12199858733736 -19.99999908459 1.34639830480484 -19.99999908459 1.57079802227231 -19.99999908459 1.79519773973978 -19.99999908459 2.01959745720725 -19.99999908459 2.24399717467473 -19.99999908459 2.4683968921422 -19.99999908459 2.69279660960967 -19.99999908459 2.91719632707715 -19.99999908459 2 18 5 18 19 6 20 21 8 22 23 10 21 22 9 19 20 7 1 2 5 6 19 7 18 6 5 21 9 8 8 7 20 9 22 10 24 11 10 10 23 24 25 26 13 26 27 14 28 29 16 30 4 3 29 30 17 27 28 15 12 11 25 14 13 26 12 25 13 16 15 28 3 17 30 16 29 17 14 27 15 25 11 24 

TShapes 24
Ve
0.003
53.9310150332347 24.0591144611598 2.999984741211
0 0

0101100
*
Ed
 0.003 1 1 0
1  1 0 0 19.99999908459
6  1 1 0
6  2 2 0
0

0101000
+24 0 -24 1 *
Ve
0.003
58.5897598231153 6.67245006466321 2.9999999
0 0

0101100
*
Ed
 0.003 1 1 0
1  2 0 0 19.99999908459
6  3 1 0
6  4 3 0
0

0101000
+22 0 -22 1 *
Ed
 0.003 1 1 0
2  1 2 0 0 18.0000000514964
1  3 0 0 18.0000000514964
6  5 1 0
6  6 1 2
6  7 4 0
0

0101000
+24 0 -22 0 *
Wi

0101000
+23 0 -21 0 -20 0 +20 1 *
Fa
0  0.003 1 0
2  1
0101000
+19 0 *
Ve
0.003
58.5897589723099 6.6724529532669 38.999984741216
0 0

0101100
*
Ed
 0.003 1 1 0
1  4 0 0 19.99999908459
2  2 4 0 0 19.99999908459
6  8 5 0
6  9 3 0
0

0101000
+17 0 -17 1 *
Ed
 0.003 1 1 0
2  3 2 0 0 35.9999848412162
1  5 0 0 35.9999848412162
6  10 3 0
6  11 3 2
6  12 4 0
0

0101000
+22 0 -17 0 *
Wi

0101000
+21 0 -16 0 -15 0 +15 1 *
Fa
0  0.003 3 0
2  3
0111000
+14 0 *
Ve
0.003
53.9310159791357 24.0591106443665 38.9999847402022
0 0

0101100
*
Ed
 0.003 1 1 0
1  6 0 0 19.99999908459
2  4 4 0 0 19.99999908459
6  13 5 0
6  14 2 0
0

0101000
+12 0 -12 1 *
Ed
 0.003 1 1 0
2  5 2 0 0 3.14159604454462
1  7 0 0 3.14159604454462
2  6 4 0 0 3.14159604454462
2  7 4 2 0 3.14159604454462
6  15 5 2
6  16 5 0
6  17 4 0
0

0101000
+17 0 -12 0 *
Wi

0101000
+16 0 -11 0 -10 0 +10 1 *
Fa
0  0.003 4 0
2  5
0111000
+9 0 *
Ed
 0.003 1 1 0
2  8 2 0 0 35.9999999989914
1  8 0 0 35.9999999989914
6  18 2 2
6  19 2 0
6  20 4 0
0

0101000
+12 0 -24 0 *
Wi

0101000
+11 0 -23 0 -7 0 +7 1 *
Fa
0  0.003 5 0
2  2
0111000
+6 0 *
Wi

0101000
+20 0 +15 0 +10 0 +7 0 *
Fa
0  0.003 2 0
2  4
0111000
-4 0 *
Sh

0101000
-18 0 -13 0 -8 0 -5 0 +3 0 -3 1 *
So

0100000
+2 0 *

+1 0 