DBRep_DrawableShape

CASCADE Topology V1, (c) Matra-Datavision
Locations 4
1
              1               0               0 -19.9725906935664 
              0               1               0 0.0410939389000434 
              0               0               1 -1.04591217387128 
1
              1               0               0 99.8629534678318 
              0               1               0 -0.205469694500217 
              0               0               1 5.22956086935638 
2  2 -1 0
2  1 -1 0
Curve2ds 0
Curves 6
1 122.959635265686 25.4581605083068 90.9209188455278 -0.998629534678318 0.00205469694500217 -0.0522956086935638 
1 127.709285074701 118.425166778233 3.87495707908616 -0.998629534678318 0.00205469694500217 -0.0522956086935638 
1 123.078150794129 27.7779176101741 88.7489064714788 0.0372680082998567 0.729463286894196 -0.683003959454759 
1 127.525545351088 28.8785785206711 3.86533511182618 -0.998629534678318 0.00205469694500217 -0.0522956086935638 
1 127.922875706823 29.1762269369111 -3.71033444947261 -0.0523359576979934 -0.0392059521664423 0.997859629831048 
1 127.466541882741 0.122906192930784 3.86224525499232 0.00205188538540091 0.999997889108004 0.000107451854238966 
Polygon3D 0
PolygonOnTriangulations 24
2 1 2 
p 1.21679896059875 1 0 20 
2 3 4 
p 1.21679896059875 1 0 20 
2 3 4 
p 1.21679896059875 1 0 20 
2 3 4 
p 1.21679896059875 1 0 20 
2 2 4 
p 5.66386996733793 1 -3.18008752948206 124.265676966423 
2 1 3 
p 5.66386996733793 1 -3.18008752948206 124.265676966423 
2 1 2 
p 5.66386996733793 1 -3.18008752948206 124.265676966423 
2 2 4 
p 5.66386996733793 1 -3.18008752948206 124.265676966423 
2 1 3 
p 5.66386996733793 1 -3.18008752948206 124.265676966423 
2 1 2 
p 5.66386996733793 1 -3.18008752948206 124.265676966423 
2 1 2 
p 1.21679896059875 1 0 20 
2 1 2 
p 1.21679896059875 1 0 20 
2 1 3 
p 5.30372576230722 1 7.59191907841933 94.8342336597211 
2 2 4 
p 5.30372576230722 1 7.59191907841933 94.8342336597211 
2 3 1 
p 5.30372576230722 1 7.59191907841933 94.8342336597211 
2 1 3 
p 5.30372576230722 1 7.59191907841933 94.8342336597211 
2 2 4 
p 5.30372576230722 1 7.59191907841933 94.8342336597211 
2 3 1 
p 5.30372576230722 1 7.59191907841933 94.8342336597211 
2 1 3 
p 5.45548633067738 1 28.755733027987 118.302510309124 
2 2 4 
p 5.45548633067738 1 28.755733027987 118.302510309124 
2 3 2 
p 5.45548633067738 1 28.755733027987 118.302510309124 
2 2 4 
p 5.45548633067738 1 28.755733027987 118.302510309124 
2 1 3 
p 5.45548633067738 1 28.755733027987 118.302510309124 
2 3 2 
p 5.45548633067738 1 28.755733027987 118.302510309124 
Surfaces 4
1 122.959635265686 25.4581605083068 90.9209188455278 0.0367443604588237 -0.684016879392593 -0.728540157218867 0.0372680082998567 0.729463286894196 -0.683003959454759 0.998629534678318 -0.00205469694500217 0.0522956086935638 
1 127.525545351088 28.8785785206711 3.86533511182618 6.50521303491303e-18 0.999229038576836 0.0392597563009905 -0.0523359576979934 -0.0392059521664423 0.997859629831048 0.998629534678318 -0.00205469694500217 0.0522956086935638 
1 127.525545351088 28.8785785206711 3.86533511182618 0.0522957190841787 1.25360876193636e-17 -0.998631642681859 0.00205188538540091 0.999997889108004 0.000107451854238966 0.998629534678318 -0.00205469694500216 0.0522956086935638 
1 127.922875706823 29.1762269369111 -3.71033444947261 0.998629534678318 -0.00205469694500217 0.0522956086935638 0.0372680082998567 0.729463286894196 -0.683003959454759 -0.0367443604588237 0.684016879392592 0.728540157218867 
Triangulations 8
4 2 1 3.44033446396834
122.959635265686 25.4581605083068 90.9209188455278 102.98704457212 25.4992544472069 89.8750066716565 127.709285074701 118.425166778233 3.87495707908616 107.736694381135 118.466260717133 2.82904490521488 0 0 0 -20 127.445764495905 0 127.445764495905 -20 1 2 4 4 3 1 
4 2 1 3.26026236145299
127.525545351088 28.8785785206711 3.86533511182618 107.552954657522 28.9196724595711 2.8194229379549 122.959635265686 25.4581605083068 90.9209188455278 102.98704457212 25.4992544472069 89.8750066716565 -8.88178419700125e-16 0 -2.22044604925031e-15 -20 87.2423145813017 -1.4210854715202e-14 87.2423145813017 -20 1 2 4 4 3 1 
4 2 1 3.33614264563806
127.525545351088 28.8785785206711 3.86533511182618 107.552954657522 28.9196724595711 2.8194229379549 127.709285074701 118.425166778233 3.87495707908616 107.736694381135 118.466260717133 2.82904490521488 -3.5527136788005e-15 1.4210854715202e-14 0 -20 89.5467772811374 0 89.5467772811374 -20 1 2 3 4 3 2 
4 2 1 5.87393238516584
122.959635265686 25.4581605083068 90.9209188455278 222.822588733518 25.2526908138066 96.1504797148841 127.709285074701 118.425166778233 3.87495707908616 227.572238542533 118.219697083733 9.10451794844254 0 0 0 -100 127.445764495905 0 127.445764495905 -100 1 2 3 4 3 2 
4 3 1 5.47436068677418
122.959635265686 25.4581605083068 90.9209188455278 127.709285074701 118.425166778233 3.87495707908616 127.525545351088 28.8785785206711 3.86533511182618 126.45978627442 50.9930870317857 25.0857995373097 -67.5306837325065 66.5818190533028 59.9150807633981 66.5818190533027 -5.40614360893256 5.33018260220652 -3.80780148455422 35.9560008277546 1 3 4 2 1 4 3 2 4 
4 3 1 5.47436068677418
122.959635265686 25.4581605083068 90.9209188455278 127.709285074701 118.425166778233 3.87495707908616 127.525545351088 28.8785785206711 3.86533511182618 126.459786274419 50.9930870317857 25.0857995373097 -67.5306837325065 66.5818190533028 59.9150807633981 66.5818190533027 -5.40614360893256 5.33018260220652 -3.80780148455422 35.9560008277546 1 3 4 2 1 4 3 2 4 
4 2 1 5.69386028265048
127.525545351088 28.8785785206711 3.86533511182618 227.38849881892 28.6731088261708 9.09489598118256 122.959635265686 25.4581605083068 90.9209188455278 222.822588733518 25.2526908138066 96.1504797148841 -8.88178419700125e-16 0 1.33226762955019e-15 -100 87.2423145813017 1.4210854715202e-14 87.2423145813017 -100 1 2 4 4 3 1 
4 2 1 5.76974056683556
127.525545351088 28.8785785206711 3.86533511182618 227.38849881892 28.6731088261708 9.09489598118256 127.709285074701 118.425166778233 3.87495707908616 227.572238542533 118.219697083733 9.10451794844254 -3.5527136788005e-15 -1.4210854715202e-14 -3.5527136788005e-15 -100 89.5467772811374 0 89.5467772811374 -100 1 2 4 4 3 1 

TShapes 19
Ve
1e-07
122.959635265686 25.4581605083068 90.9209188455278
0 0

0101101
*
Ed
 1e-07 1 1 0
1  1 0 0 20
6  1 1 0
6  2 2 0
0

0101000
+19 0 -19 1 *
Ve
1e-07
127.709285074701 118.425166778233 3.87495707908616
0 0

0101101
*
Ed
 1e-07 1 1 0
1  2 0 0 20
6  3 1 0
6  4 3 0
0

0101000
+17 0 -17 1 *
Ed
 1e-07 1 1 0
1  3 0 -3.18008752948206 124.265676966423
6  5 4 3
6  6 4 0
6  7 5 0
6  8 1 4
6  9 1 0
6  10 6 0
0

0101000
+19 0 -17 0 *
Wi

0101000
+18 0 -16 0 -15 0 +15 1 *
Fa
0  1e-07 1 0
2  1
0101000
+14 0 *
Ve
1e-07
127.525545351088 28.8785785206711 3.86533511182618
0 0

0101101
*
Ed
 1e-07 1 1 0
1  4 0 0 20
6  11 2 0
6  12 3 0
0

0101000
+12 0 -12 1 *
Ed
 1e-07 1 1 0
1  5 0 7.59191907841933 94.8342336597211
6  13 7 0
6  14 7 3
6  15 5 0
6  16 2 0
6  17 2 4
6  18 6 0
0

0101000
+12 0 -19 0 *
Wi

0101000
+11 0 -18 0 -10 0 +10 1 *
Fa
0  1e-07 2 0
2  2
0101000
+9 0 *
Ed
 1e-07 1 1 0
1  6 0 28.755733027987 118.302510309124
6  19 8 0
6  20 8 3
6  21 5 0
6  22 3 4
6  23 3 0
6  24 6 0
0

0101000
+12 0 -17 0 *
Wi

0101000
+11 0 -16 0 -7 0 +7 1 *
Fa
0  1e-07 3 0
2  3
0101000
+6 0 *
Wi

0101100
-15 0 -10 0 +7 0 *
Fa
0  1e-07 4 0
2  6
0101000
+4 0 *
Sh

0101000
-13 0 -8 0 +5 0 +3 0 -3 1 *
So

0100000
+2 0 *

+1 0 