DBRep_DrawableShape

CASCADE Topology V1, (c) Matra-Datavision
Locations 2
1
              1               0               0  -1208.00012207 
              0               1               0 6.1612707559299e-11 
              0               0               1 -4.73328168403618e-18 
2  1 -1 0
Curve2ds 10
1 1.57079643469016 0 0 -1 
1 54.8402317708008 141.421386458624 -0.707107489690732 0.707106072681653 
1 -21.3385401657027 217.600005807278 -1 -1.99847485619504e-34 
1 -23.7385340622027 217.600005807278 0 -1 
1 -23.7385340622027 -217.600067434872 0.999999999677372 2.54018942118592e-05 
1 0 0 0 -1 
1 -21.3385402364134 -217.600006470483 0.707106781186037 0.707106781187058 
2 196.261526972997 -3.08137719002843e-05 -0.707107010068535 -0.707106552304486 -0.707106552304486 0.707107010068535 200
1 0 0 1 0 
1 0 -1208.00012207 1 0 
Curves 12
1 604.000061035203 478.578765833004 -158.578521692404 -1 5.10038918321638e-14 -3.91827914381776e-21 
1 604.000061035199 402.399993825789 -82.39990234375 -1 5.10038918321638e-14 -3.91827914381776e-21 
1 604.000061035203 478.578765833004 -158.578521692404 -3.6065236688538e-14 -0.707107489690732 0.707106072681653 
1 604.000061035199 400 -82.39990234375 -1 5.10038918321638e-14 -3.91827914381776e-21 
1 604.000061035199 402.3999938965 -82.39990234375 -5.10038918321638e-14 -1 -1.99847485619504e-34 
1 604.000061035199 400 -517.5999755859 -1 5.10038918321638e-14 -3.91827914381776e-21 
1 604.000061035199 400 -82.39990234375 3.91827914381776e-21 -1.99847485619504e-34 -1 
1 604.000061035199 402.399993825789 -517.599914621511 -1 5.10038918321638e-14 -3.91827914381776e-21 
1 604.000061035199 400 -517.5999755859 5.1003891815609e-14 0.999999999677372 2.54018942118592e-05 
1 604.000061035203 478.578659021493 -441.421249425697 -1 5.10038918321638e-14 -3.91827914381776e-21 
1 604.000061035199 402.399993825789 -517.599914621511 3.60651950107604e-14 0.707106781186037 0.707106781187058 
2 604.00006103521 620.0000610352 -299.9999389648 -1 5.10038918321638e-14 -3.91827914025026e-21 -3.60652066846595e-14 -0.707107010068535 -0.707106552304486 -3.60651888781949e-14 -0.707106552304486 0.707107010068535 200
Polygon3D 0
PolygonOnTriangulations 0
Surfaces 7
1 604.000061035203 478.578765833004 -158.578521692404 3.60651588742767e-14 0.707106072681653 0.707107489690732 -3.6065236688538e-14 -0.707107489690732 0.707106072681653 1 -5.10038918321638e-14 3.91827914656115e-21 
2 604.00006103521 620.0000610352 -299.9999389648 1 -5.10038918321638e-14 3.91827914025026e-21 -3.60652066846595e-14 -0.707107010068535 -0.707106552304486 -3.60651888781949e-14 -0.707106552304486 0.707107010068535 200
1 604.0000610352 423.738534062203 -299.999908151028 1 -5.10038918321638e-14 3.91827914381776e-21 5.10038918321638e-14 1 0 -3.91827914381776e-21 1.99847485619504e-34 1 
1 604.000061035199 402.399993825789 -82.39990234375 -3.91827914381776e-21 0 1 -5.10038918321638e-14 -1 -1.99847485619504e-34 1 -5.10038918321638e-14 3.91827914381776e-21 
1 604.000061035199 400 -82.39990234375 -5.10038918321638e-14 -1 0 3.91827914381776e-21 -1.99847485619504e-34 -1 1 -5.10038918321638e-14 3.91827914381776e-21 
1 604.000061035199 400 -517.5999755859 1.29951374385629e-18 2.54018942118592e-05 -0.999999999677372 5.1003891815609e-14 0.999999999677372 2.54018942118592e-05 1 -5.10038918321638e-14 3.91827914381786e-21 
1 604.000061035199 402.399993825789 -517.599914621511 3.6065200552096e-14 0.707106781187058 -0.707106781186037 3.60651950107604e-14 0.707106781186037 0.707106781187058 1 -5.10038918321638e-14 3.91827914656115e-21 
Triangulations 0

TShapes 34
Ve
0.0093
604.000061035203 478.578765833004 -158.578521692404
0 0

0101101
*
Ed
 0.0093 1 1 0
1  1 0 0 1208.00012207
2  1 2 0 0 1208.00012207
0

0101000
+34 0 -34 1 *
Ve
0.0093
604.000061035199 402.399993825789 -82.39990234375
0 0

0101101
*
Ed
 0.0093 1 1 0
1  2 0 0 1208.00012207
0

0101000
+32 0 -32 1 *
Ed
 0.0093 1 1 0
2  2 3 0 0 107.732944591681
1  3 0 0 107.732944591681
0

0101000
+34 0 -32 0 *
Wi

0101000
+33 0 -31 0 -30 0 +30 1 *
Fa
0  0.0093 1 0

0111000
+29 0 *
Ve
0.0093
604.000061035199 400 -82.39990234375
0 0

0101101
*
Ed
 0.0093 1 1 0
1  4 0 0 1208.00012207
0

0101000
+27 0 -27 1 *
Ed
 0.0093 1 1 0
2  3 3 0 7.07107545849794e-08 2.39999389650001
1  5 0 7.07107545849794e-08 2.39999389650001
0

0101000
+32 0 -27 0 *
Wi

0101000
+31 0 -26 0 -25 0 +25 1 *
Fa
0  0.0093 4 0

0111000
+24 0 *
Ve
0.0093
604.000061035199 400 -517.5999755859
0 0

0101101
*
Ed
 0.0093 1 1 0
1  6 0 0 1208.00012207
0

0101000
+22 0 -22 1 *
Ed
 0.0093 1 1 0
2  4 3 0 0 435.20007324215
1  7 0 0 435.20007324215
0

0101000
+27 0 -22 0 *
Wi

0101000
+26 0 -21 0 -20 0 +20 1 *
Fa
0  0.0093 5 0

0111000
+19 0 *
Ve
0.0093
604.000061035199 402.399993825789 -517.599914621511
0 0

0101101
*
Ed
 0.0093 1 1 0
1  8 0 0 1208.00012207
0

0101000
+17 0 -17 1 *
Ed
 0.0093 1 1 0
2  5 3 0 0 2.39999382656364
1  9 0 0 2.39999382656364
0

0101000
+22 0 -17 0 *
Wi

0101000
+21 0 -16 0 -15 0 +15 1 *
Fa
0  0.0093 6 0

0111000
+14 0 *
Ve
0.0093
604.000061035203 478.578659021493 -441.421249425697
0 0

0101101
*
Ed
 0.0093 1 1 0
1  10 0 0 1208.00012207
2  6 2 0 0 1208.00012207
0

0101000
+12 0 -12 1 *
Ed
 0.0093 1 1 0
2  7 3 0 0 107.732901483321
1  11 0 0 107.732901483321
0

0101000
+17 0 -12 0 *
Wi

0101000
+16 0 -11 0 -10 0 +10 1 *
Fa
0  0.0093 7 0

0111000
+9 0 *
Ed
 0.0093 1 1 0
2  8 3 0 0 1.57079643469016
1  12 0 0 1.57079643469016
2  9 2 0 0 1.57079643469016
2  10 2 2 0 1.57079643469016
0

0101000
+12 0 -34 0 *
Wi

0101000
+11 0 -33 0 -7 0 +7 1 *
Fa
0  0.0093 2 0

0111000
+6 0 *
Wi

0101000
+30 0 +25 0 +20 0 +15 0 +10 0 +7 0 *
Fa
0  0.0093 3 0

0111000
+4 0 *
Sh

0101000
+28 0 +23 0 +18 0 +13 0 +8 0 +5 0 +3 0 -3 1 *
So

1100000
+2 0 *

+1 0 
0

