DBRep_DrawableShape

CASCADE Topology V1, (c) Matra-Datavision
Locations 19
1
              1               0               0              -0 
              0               1               0               5 
              0               0               1               0 
1
              1               0               0               0 
              0               1               0             -35 
              0               0               1              -0 
2  1 1 2 1 0
1
              1               0               0              -0 
              0               1               0              70 
              0               0               1               0 
2  1 1 2 1 4 1 0
1
              1               0               0               0 
              0               1               0             836 
              0               0               1               0 
2  6 -1 0
1
              1               0               0              -0 
              0               1               0              70 
              0               0               1               0 
2  8 -1 0
1
              1               0               0              -0 
              0               1               0             -50 
              0               0               1              -0 
2  10 -1 1 -1 0
1
              1               0               0               0 
              0               1               0             100 
              0               0               1               0 
2  12 -1 10 -1 1 -1 0
2  1 -1 0
1
              1               0               0              -0 
              0               1               0              70 
              0               0               1               0 
2  15 -1 1 -1 0
2  2 -1 1 -1 0
2  4 -1 2 -1 1 -1 0
2  2 1 4 1 0
Curve2ds 12
1 4.99678575488033 0 0 -1 
1 10.5111775130686 0 0 -1 
1 0 0 1 0 
1 0 -836 1 0 
1 0 0 1 0 
1 0 -70 1 0 
1 0 0 1 0 
1 0 -100 1 0 
1 0 0 1 0 
1 0 -70 1 0 
1 0 0 1 0 
1 0 -70 1 0 
Curves 8
1 -85.8540496217739 -30 0.75 -0 1 0 
1 -85.8540496217739 -30 -0.750000000000001 -0 1 0 
2 -84 0 1.77635683940025e-15 0 1 0 0.0998334166468282 0 0.995004165278026 0.995004165278026 0 -0.0998334166468282 2
1 -107.714424133301 -30 0.75 -0 1 0 
1 -4.16333634234434e-17 0 0.75 1 0 0 
1 -107.714424133301 -30 -0.75 -0 1 0 
1 -107.714424133301 0 4.90971231460571 0 0 1 
1 2.77555756156289e-17 0 -0.75 1 0 0 
Polygon3D 0
PolygonOnTriangulations 0
Surfaces 9
2 -84 -30 1.77635683940025e-15 0 -1 -0 0.0998334166468282 0 0.995004165278026 0.995004165278026 0 -0.0998334166468282 2
2 -84 0 1.77635683940025e-15 0 -1 -0 0.0998334166468282 0 0.995004165278026 0.995004165278026 0 -0.0998334166468282 2
2 -84 0 1.77635683940025e-15 0 -1 -0 0.0998334166468282 0 0.995004165278026 0.995004165278026 0 -0.0998334166468282 2
2 -84 -45 1.77635683940025e-15 0 -1 -0 0.0998334166468282 0 0.995004165278026 0.995004165278026 0 -0.0998334166468282 2
2 -84 5 1.77635683940025e-15 0 -1 -0 0.0998334166468282 0 0.995004165278026 0.995004165278026 0 -0.0998334166468282 2
1 -107.714424133301 -30 0.75 0 0 -1 1 0 0 0 -1 0 
1 -107.714424133301 -30 -0.75 1 0 -0 0 0 1 0 -1 0 
1 -107.714424133301 -30 -0.75 0 0 -1 1 0 0 0 -1 0 
1 -84 5 1.77635683940025e-15 -0 1 0 0.0998334166468282 0 0.995004165278026 0.995004165278026 0 -0.0998334166468282 
Triangulations 0

TShapes 24
Ve
1e-07
-85.8540496217739 0 0.75
0 0

0101101
*
Ed
 1e-07 1 1 0
1  1 0 0 70
2  1 1 0 0 70
0

0101000
+24 3 -24 5 *
Ve
1e-07
-85.8540496217739 0 -0.750000000000001
0 0

0101101
*
Ed
 1e-07 1 1 0
1  2 0 0 70
2  2 1 0 0 70
0

0101000
+22 3 -22 5 *
Ed
 1e-07 1 1 0
1  3 0 4.99678575488033 10.5111775130686
2  3 2 0 4.99678575488033 10.5111775130686
2  4 2 7 4.99678575488033 10.5111775130686
2  5 3 0 4.99678575488033 10.5111775130686
2  6 3 9 4.99678575488033 10.5111775130686
2  7 4 11 4.99678575488033 10.5111775130686
2  8 4 13 4.99678575488033 10.5111775130686
2  9 5 14 4.99678575488033 10.5111775130686
2  10 5 16 4.99678575488033 10.5111775130686
2  11 1 17 4.99678575488033 10.5111775130686
2  12 1 18 4.99678575488033 10.5111775130686
0

0101000
+24 0 -22 0 *
Wi

0101000
+23 0 -21 0 -20 3 +20 5 *
Fa
0  1e-07 1 0

0101000
+19 0 *
Ve
1e-07
-107.714424133301 0 0.75
0 0

0101101
*
Ed
 1e-07 1 1 0
1  4 0 0 70
0

0101000
+17 3 -17 5 *
Ed
 1e-07 1 1 0
1  5 0 -107.714424133301 -85.8540496217739
0

0101000
+17 0 -24 0 *
Wi

0101000
+16 0 -23 0 -15 3 +15 5 *
Fa
0  1e-07 6 0

0101000
+14 0 *
Ve
1e-07
-107.714424133301 0 -0.75
0 0

0101101
*
Ed
 1e-07 1 1 0
1  6 0 0 70
0

0101000
+12 3 -12 5 *
Ed
 1e-07 1 1 0
1  7 0 -5.65971231460571 -4.15971231460571
0

0101000
+12 0 -17 0 *
Wi

0101000
+11 0 -16 0 -10 3 +10 5 *
Fa
0  1e-07 7 0

0101000
+9 0 *
Ed
 1e-07 1 1 0
1  8 0 -107.714424133301 -85.8540496217739
0

0101000
+12 0 -22 0 *
Wi

0101000
+11 0 -21 0 -7 3 +7 5 *
Fa
0  1e-07 8 0

0101000
+6 0 *
Wi

0101100
-20 0 -15 0 -10 0 +7 0 *
Fa
0  1e-07 9 0

0111000
-4 1 *
Sh

0101000
+18 0 +13 0 +8 0 -5 0 +3 2 -3 19 *
So

1100000
-2 0 *

+1 0 