DBRep_DrawableShape

CASCADE Topology V1, (c) Matra-Datavision
Locations 4
1
              1               0               0               0 
              0               1               0               0 
              0               0               1             100 
1
              1               0              -0               0 
             -0               1               0               0 
              0               0               1             792 
2  2 -1 0
2  1 -1 0
Curve2ds 12
1 4.8610315704423801 0 0 -1 
1 4.9364820726860597 0 0 -1 
1 4.5637463903269904 0 0 -1 
1 0 0 1 0 
1 0 -792 1 0 
1 0 0 1 0 
1 0 -100 1 0 
1 4.4882958880833197 0 0 -1 
1 0 0 1 0 
1 0 -792 1 0 
1 0 0 1 0 
1 0 -100 1 0 
Curves 8
1 22.1107999680722 -16.3512239533284 0 0 0 1 
1 19.0476259634213 -11.9765581515558 0 0 0 1 
1 39.410538159922467 -41.057810302193822 0 -0.57357644051011547 0.8191520413767801 0 
1 16.3512239533284 -22.1107999680722 0 0 0 1 
2 0 0 0 0 -0 1 0.70710678118654757 0.70710678118654746 0 -0.70710678118654746 0.70710678118654757 0 27.5
1 11.9765581515558 -19.0476259634213 0 0 0 1 
1 -25.814995271779893 7.4143049102081093 0 -0.81915204137677999 0.57357644051011558 0 
2 0 0 0 0 -0 1 0.70710678118654757 0.70710678118654746 0 -0.70710678118654746 0.70710678118654757 0 22.5
Polygon3D 0
PolygonOnTriangulations 0
Surfaces 7
1 22.110799968072147 -16.351223953328404 0 -0.8191520413767801 -0.57357644051011547 0 -0.57357644051011547 0.8191520413767801 0 -0 0 -1 
2 0 0 0 -0 0 -1 0.70710678118654757 0.70710678118654746 0 -0.70710678118654746 0.70710678118654757 0 27.5
2 0 0 0 -0 0 -1 0.70710678118654757 0.70710678118654746 0 -0.70710678118654746 0.70710678118654757 0 22.5
2 0 0 0 -0 0 -1 0.70710678118654757 0.70710678118654746 0 -0.70710678118654746 0.70710678118654757 0 27.5
1 16.351223953328372 -22.110799968072154 0 -0.57357644051011558 -0.81915204137677999 0 -0.81915204137677999 0.57357644051011558 0 -0 0 -1 
2 0 0 0 -0 0 -1 0.70710678118654757 0.70710678118654746 0 -0.70710678118654746 0.70710678118654757 0 22.5
1 0 0 0 0 0 1 0.70710678118654757 0.70710678118654746 -0 -0.70710678118654746 0.70710678118654757 0 
Triangulations 0

TShapes 25
Ve
1e-07
22.1107999680722 -16.3512239533284 0
0 0

0101100
*
Ed
 1e-07 1 1 0
1  1 0 0 100
2  1 2 0 0 100
0

0101000
+25 0 -25 1 *
Ve
1e-07
19.0476259634213 -11.9765581515558 0
0 0

0101100
*
Ed
 1e-07 1 1 0
1  2 0 0 100
2  2 3 0 0 100
0

0101000
+23 0 -23 1 *
Ed
 1e-07 1 1 0
1  3 0 30.1611728969632 35.5016537610771
0

0101000
+25 0 -23 0 *
Wi

0101000
+24 0 -22 0 -21 0 +21 1 *
Fa
0  1e-07 1 0

0101000
+20 0 *
Ve
1e-07
16.3512239533284 -22.1107999680722 0
0 0

0101100
*
Ed
 1e-07 1 1 0
1  4 0 0 100
2  3 2 0 0 100
0

0101000
+18 0 -18 1 *
Ed
 1e-07 1 1 0
1  5 0 4.56374639032699 4.86103157044238
2  4 4 0 4.56374639032699 4.86103157044238
2  5 4 3 4.56374639032699 4.86103157044238
2  6 2 0 4.56374639032699 4.86103157044238
2  7 2 4 4.56374639032699 4.86103157044238
0

0101000
+18 0 -25 0 *
Wi

0101000
+17 0 -24 0 -16 0 +16 1 *
Fa
0  1e-07 2 0

0101000
+15 0 *
Ve
1e-07
11.9765581515558 -19.0476259634213 0
0 0

0101100
*
Ed
 1e-07 1 1 0
1  6 0 0 100
2  8 3 0 0 100
0

0101000
+13 0 -13 1 *
Ed
 1e-07 1 1 0
1  7 0 -51.4754491171601 -46.1349682530462
0

0101000
+18 0 -13 0 *
Wi

0101000
+17 0 -12 0 -11 0 +11 1 *
Fa
0  1e-07 5 0

0101000
+10 0 *
Ed
 1e-07 1 1 0
1  8 0 4.48829588808332 4.93648207268606
2  9 6 0 4.48829588808332 4.93648207268606
2  10 6 3 4.48829588808332 4.93648207268606
2  11 3 0 4.48829588808332 4.93648207268606
2  12 3 4 4.48829588808332 4.93648207268606
0

0101000
+13 0 -23 0 *
Wi

0101000
+12 0 -22 0 -8 0 +8 1 *
Fa
0  1e-07 3 0

0101000
+7 0 *
Wi

0101100
+21 0 +16 0 -11 0 -8 0 *
Fa
0  1e-07 7 0

0111000
+5 0 *
Sh

0101000
+19 0 +14 0 -9 0 -6 0 +4 0 -4 1 *
So

0100000
-3 0 *
Co

1100000
+2 0 *

+1 0 
0

