DBRep_DrawableShape

CASCADE Topology V1, (c) Matra-Datavision
Locations 2
1
              1               0               0             -10 
              0               1               0 1.61564197167006e-14 
              0               0               1 -2.63088815945799e-16 
2  1 -1 0
Curve2ds 12
1 0 0 0 -1 
1 2.79252334774744 0 0 -1 
2 -2.32243496611773e-06 38.8647434732651 -0.984807212945397 0.173651240510168 0.173651240510168 0.984807212945397 15
1 0 0 1 0 
1 0 -10 1 0 
1 14.7721130905709 41.46947114134 0.173648642012092 -0.984807671135515 
1 29.760801000165 -43.5353677251602 -1 -1.65453814364566e-09 
1 -29.7608055624998 -43.5353678236409 0.173648640890213 0.984807671333333 
1 0 0 0 -1 
1 6.28318530717959 0 0 -1 
1 0 0 1 0 
1 0 -10 1 0 
Curves 10
1 -6.99999999999998 305.227647665219 2.60497746232782 -1 1.61564197167006e-15 -2.63088815945799e-17 
1 -7.00000000000002 334.771871255041 2.60493662123096 -1 1.61564197167006e-15 -2.63088815945799e-17 
2 -7 319.9997558594 0.000208854675292969 -1 -1.34558689596502e-15 -2.36121476183629e-17 1.32104340206612e-15 -0.984807212945397 0.173651240510168 -2.56916246986248e-16 0.173651240510168 0.984807212945397 15
1 -7.00000000000004 349.760559182 -82.39990234375 -1 1.61564197167006e-15 -2.63088815945799e-17 
1 -7.00000000000002 334.771871272406 2.60493652275019 -2.10405913087044e-16 0.173648642012092 -0.984807671135515 
1 -6.99999999999996 290.238952619335 -82.3999024422308 -1 1.61564197167006e-15 -2.63088815945799e-17 
1 -7.00000000000004 349.760559182 -82.39990234375 1.34558689600409e-15 -1 -1.65453814364566e-09 
1 -6.99999999999996 290.238952619335 -82.3999024422308 -2.56912759795225e-16 0.173648640890213 0.984807671333333 
1 -7 319.9997558594 -9.99979114532471 -1 1.61564197167006e-15 -2.63088815945799e-17 
2 -7 319.9997558594 0.000208854675293 1 0 0 0 0 -1 -0 1 0 10
Polygon3D 0
PolygonOnTriangulations 0
Surfaces 7
2 -7 319.9997558594 0.000208854675292969 1 1.34558689596502e-15 2.36121476183628e-17 1.32104340206612e-15 -0.984807212945397 0.173651240510168 -2.56916246986248e-16 0.173651240510168 0.984807212945397 15
1 -6.99999999999996 290.238952619335 -82.3999024422308 1.59566510936102e-15 0.984807671333333 -0.173648640890213 -2.56912759795225e-16 0.173648640890213 0.984807671333333 1 -1.52681068901188e-15 5.30094734266231e-16 
1 -7.00000000000002 334.771871272406 2.60493652275019 -1.58652810594742e-15 -0.984807671135515 -0.173648642012092 -2.10405913087044e-16 0.173648642012092 -0.984807671135515 1 -1.52588834813024e-15 -4.82707808372179e-16 
1 -7 319.999758181835 -38.8645346185898 1 1.34558689596502e-15 2.36121476183629e-17 -1.34558689596502e-15 1 0 -2.36121476183629e-17 -3.17721964208608e-32 1 
1 -7.00000000000004 349.760559182 -82.39990234375 -2.63088842677211e-17 -1.65453814364566e-09 1 1.34558689600409e-15 -1 -1.65453814364566e-09 1 1.34558689596056e-15 2.6308886494046e-17 
2 -7 319.9997558594 0.000208854675293 1 0 0 0 0 -1 -0 1 0 10
1 -7 319.999760171503 -38.0975151428969 1 -1.61564197167006e-15 2.63088815945799e-17 1.61564197167006e-15 1 0 -2.63088815945799e-17 4.2505733331901e-32 1 
Triangulations 0

TShapes 30
Ve
0.0093
-6.99999999999998 305.227647665219 2.60497746232782
0 0

0101101
*
Ed
 0.0093 1 1 0
1  1 0 0 10
2  1 1 0 0 10
4 G1 2 0 1 0
0

0101000
+30 0 -30 1 *
Ve
0.0093
-7.00000000000002 334.771871255041 2.60493662123096
0 0

0101101
*
Ed
 0.0093 1 1 0
1  2 0 0 10
2  2 1 0 0 10
4 G1 3 0 1 0
0

0101000
+28 0 -28 1 *
Ed
 0.0093 1 1 0
2  3 4 0 0 2.79252334774744
1  3 0 0 2.79252334774744
2  4 1 0 0 2.79252334774744
2  5 1 2 0 2.79252334774744
0

0101000
+30 0 -28 0 *
Wi

0101000
+29 0 -27 0 -26 0 +26 1 *
Fa
0  0.0093 1 0

0111000
+25 0 *
Ve
0.0093
-7.00000000000004 349.760559182 -82.39990234375
0 0

0101101
*
Ed
 0.0093 1 1 0
1  4 0 0 10
0

0101000
+23 0 -23 1 *
Ed
 0.0093 1 1 0
2  6 4 0 0 86.3161827004118
1  5 0 0 86.3161827004118
0

0101000
+28 0 -23 0 *
Wi

0101000
+27 0 -22 0 -21 0 +21 1 *
Fa
0  0.0093 3 0

0111000
+20 0 *
Ve
0.0093
-6.99999999999996 290.238952619335 -82.3999024422308
0 0

0101101
*
Ed
 0.0093 1 1 0
1  6 0 0 10
0

0101000
+18 0 -18 1 *
Ed
 0.0093 1 1 0
2  7 4 0 0 59.5216065626648
1  7 0 0 59.5216065626648
0

0101000
+23 0 -18 0 *
Wi

0101000
+22 0 -17 0 -16 0 +16 1 *
Fa
0  0.0093 5 0

0111000
+15 0 *
Ed
 0.0093 1 1 0
2  8 4 0 0 86.3162243542136
1  8 0 0 86.3162243542136
0

0101000
+18 0 -30 0 *
Wi

0101000
+17 0 -29 0 -13 0 +13 1 *
Fa
0  0.0093 2 0

0111000
+12 0 *
Ve
1e-07
-7 319.9997558594 -9.99979114532471
0 0

0101101
*
Ed
 1e-07 1 1 0
1  9 0 0 10
3  9 10CN 6 0 0 10
0

0101000
+10 0 -10 1 *
Ed
 1e-07 1 1 0
1  10 0 0 6.28318530717959
2  11 6 0 0 6.28318530717959
2  12 6 2 0 6.28318530717959
0

0101100
+10 0 -10 0 *
Wi

0101000
+9 0 -9 0 -8 0 +8 1 *
Fa
0  1e-07 6 0

0101000
+7 0 *
Wi

0101000
+26 0 +21 0 +16 0 +13 0 *
Wi

0101100
+8 0 *
Fa
0  0.0093 7 0

0111100
-5 0 -4 0 *
Sh

0101000
-24 0 -19 0 -14 0 -11 0 -6 0 +3 0 -3 1 *
So

1100000
+2 0 *

+1 0 
0

