DBRep_DrawableShape

CASCADE Topology V1, (c) Matra-Datavision
Locations 8
1
-0.766044629857896               0 0.642787387139698 -152.580970206865 
              0               1               0               0 
-0.642787387139698               0 -0.766044629857896 144.465093628805 
1
0.342020148718266               0 0.939692618823163 -126.868254446403 
              0               1               0               0 
-0.939692618823163               0 0.342020148718266 18.8133541870152 
2  2 -1 0
1
-0.766044629857896               0 0.642787387139698 -152.580970206865 
              0               1               0               0 
-0.642787387139698               0 -0.766044629857896 144.465093628805 
2  4 -1 0
1
0.342020148718266               0 0.939692618823163 -126.868254446403 
              0               1               0               0 
-0.939692618823163               0 0.342020148718266 18.8133541870152 
2  6 -1 0
2  1 -1 0
Curve2ds 40
1 0 0 1 0 
2 0 0 1 0 -0 1 16.5585413597385
1 0 42.9376133165606 1 0 
2 0 0 -1 0 0 1 16.5585413597385
1 0 0 0 1 
1 1.22173047065735 0 0 1 
1 0 0 0 1 
1 3.83972406387329 0 0 1 
1 0 0 0 1 
1 1.22173047065735 0 0 1 
1 0 0 0 1 
1 3.83972406387329 0 0 1 
2 0 0 -1 0 0 1 92.418033941866
1 0 0 1 0 
1 -16.5585413597385 0 -1 0 
1 -5.6633547784153 15.5599390942243 -0.342020148718266 0.939692618823163 
1 -16.5585413597385 0 -1 0 
1 12.6845816869075 -10.6436215354709 0.766044629857896 -0.642787387139698 
1 -16.5585413597385 0 -1 0 
1 -5.6633547784153 15.5599390942243 -0.342020148718266 0.939692618823163 
1 -16.5585413597385 0 -1 0 
1 12.6845816869075 -10.6436215354709 0.766044629857896 -0.642787387139698 
1 0 42.9376133165606 1 0 
2 0 0 1 0 -0 1 92.418033941866
1 0 0 0 1 
1 1.22173047065735 0 0 1 
1 0 0 0 1 
1 3.83972406387329 0 0 1 
1 0 0 0 1 
1 1.22173047065735 0 0 1 
1 0 0 0 1 
1 3.83972406387329 0 0 1 
1 92.418033941866 0 -1 0 
1 31.6088297130468 86.8445443413201 -0.342020148718266 -0.939692618823163 
1 92.418033941866 0 -1 0 
1 -70.7963386031912 -59.4051465620799 0.766044629857896 0.642787387139698 
1 92.418033941866 0 -1 0 
1 31.6088297130468 86.8445443413201 -0.342020148718266 -0.939692618823163 
1 92.418033941866 0 -1 0 
1 -70.7963386031912 -59.4051465620799 0.766044629857896 0.642787387139698 
Curves 8
2 -50 18.6860450089766 100 0 -1 -0 1 0 0 0 -0 1 16.5585413597385
2 -50 -24.251568307584 100 0 -1 -0 1 0 0 0 -0 1 16.5585413597385
1 -33.4414586402615 18.6860450089766 100 0 -1 0 
2 -50 -24.251568307584 100 0 -1 -0 1 0 0 0 -0 1 92.418033941866
1 -33.4414586402615 -24.251568307584 100 1 0 -0 
2 -50 18.6860450089766 100 0 -1 -0 1 0 0 0 -0 1 92.418033941866
1 42.418033941866 -24.251568307584 100 0 1 0 
1 42.418033941866 18.6860450089766 100 -1 0 0 
Polygon3D 0
PolygonOnTriangulations 0
Surfaces 18
2 -50 18.6860450089766 100 0 -1 -0 1 0 0 0 -0 1 16.5585413597385
1 -50 18.6860450089766 100 0 -1 -0 1 0 0 0 -0 1 
1 -50 -24.251568307584 100 0 -1 -0 -1 -0 -0 0 -0 1 
2 -50 18.6860450089766 100 0 -1 -0 1 0 0 -0 0 -1 16.5585413597385
2 -50 18.6860450089766 100 0 -1 -0 1 0 0 0 -0 1 16.5585413597385
1 -100 -50 100 0 0 1 1 0 -0 -0 1 0 
2 -50 18.6860450089766 100 0 -1 -0 1 0 0 -0 0 -1 16.5585413597385
2 -50 -24.251568307584 100 -0 1 0 1 0 0 -0 -0 1 92.418033941866
1 -50 -24.251568307584 100 -0 1 0 -1 -0 -0 0 0 -1 
1 -50 -24.251568307584 100 0 -1 -0 -1 -0 -0 0 -0 1 
1 -50 -24.251568307584 100 -0 1 0 -1 -0 -0 0 0 -1 
2 -50 -24.251568307584 100 -0 1 0 1 0 0 0 0 -1 92.418033941866
2 -50 -24.251568307584 100 -0 1 0 1 0 0 -0 -0 1 92.418033941866
2 -50 -24.251568307584 100 -0 1 0 1 0 0 0 0 -1 92.418033941866
1 -50 18.6860450089766 100 -0 1 0 1 0 0 0 0 -1 
1 -50 18.6860450089766 100 0 -1 -0 1 0 0 0 -0 1 
1 -50 18.6860450089766 100 -0 1 0 1 0 0 0 0 -1 
1 -33.4414586402615 -24.251568307584 100 0 0 1 0 -1 0 1 0 -0 
Triangulations 0

TShapes 24
Ve
1e-07
-33.4414586402615 18.6860450089766 100
0 0

0101101
*
Ed
 1e-07 1 1 0
1  1 0 0 3.83972406387329
2  1 1 0 0 3.83972406387329
2  2 2 0 0 3.83972406387329
0

0101100
+24 0 -24 1 *
Ve
1e-07
-33.4414586402615 -24.251568307584 100
0 0

0101101
*
Ed
 1e-07 1 1 0
1  2 0 0 3.83972406387329
2  3 1 0 0 3.83972406387329
2  4 3 0 0 3.83972406387329
0

0101100
+22 0 -22 1 *
Ed
 1e-07 1 1 0
1  3 0 0 42.9376133165606
2  5 4 0 0 42.9376133165606
2  6 4 3 0 42.9376133165606
2  7 5 0 0 42.9376133165606
2  8 5 5 0 42.9376133165606
4 CN 6 0 6 0
2  9 7 0 0 42.9376133165606
2  10 7 7 0 42.9376133165606
2  11 1 0 0 42.9376133165606
2  12 1 8 0 42.9376133165606
0

0101000
+24 0 -22 0 *
Wi

0101000
+23 0 -21 0 -20 0 +20 1 *
Fa
0  1e-07 1 0

0111000
+19 0 *
Ve
1e-07
42.418033941866 -24.251568307584 100
0 0

0101101
*
Ed
 1e-07 1 1 0
1  4 0 0 3.83972406387329
2  13 3 0 0 3.83972406387329
2  14 8 0 0 3.83972406387329
0

0101100
+17 0 -17 1 *
Ed
 1e-07 1 1 0
1  5 0 0 75.8594925821276
2  15 9 0 0 75.8594925821276
2  16 9 3 0 75.8594925821276
2  17 10 0 0 75.8594925821276
2  18 10 5 0 75.8594925821276
4 CN 6 0 6 0
2  19 11 0 0 75.8594925821276
2  20 11 7 0 75.8594925821276
2  21 3 0 0 75.8594925821276
2  22 3 8 0 75.8594925821276
0

0101000
+22 0 -17 0 *
Wi

0101000
+21 0 -16 0 -15 0 +15 1 *
Fa
0  1e-07 3 0

0111000
+14 0 *
Ve
1e-07
42.418033941866 18.6860450089766 100
0 0

0101101
*
Ed
 1e-07 1 1 0
1  6 0 0 3.83972406387329
2  23 8 0 0 3.83972406387329
2  24 2 0 0 3.83972406387329
0

0101100
+12 0 -12 1 *
Ed
 1e-07 1 1 0
1  7 0 0 42.9376133165606
2  25 12 0 0 42.9376133165606
2  26 12 3 0 42.9376133165606
2  27 13 0 0 42.9376133165606
2  28 13 5 0 42.9376133165606
4 CN 6 0 6 0
2  29 14 0 0 42.9376133165606
2  30 14 7 0 42.9376133165606
2  31 8 0 0 42.9376133165606
2  32 8 8 0 42.9376133165606
0

0101000
+17 0 -12 0 *
Wi

0101000
+16 0 -11 0 -10 0 +10 1 *
Fa
0  1e-07 8 0

0111000
+9 0 *
Ed
 1e-07 1 1 0
1  8 0 0 75.8594925821276
2  33 15 0 0 75.8594925821276
2  34 15 3 0 75.8594925821276
2  35 16 0 0 75.8594925821276
2  36 16 5 0 75.8594925821276
4 CN 6 0 6 0
2  37 17 0 0 75.8594925821276
2  38 17 7 0 75.8594925821276
2  39 2 0 0 75.8594925821276
2  40 2 8 0 75.8594925821276
0

0101000
+12 0 -24 0 *
Wi

0101000
+11 0 -23 0 -7 0 +7 1 *
Fa
0  1e-07 2 0

0111000
+6 0 *
Wi

0101100
+20 0 +15 0 +10 0 +7 0 *
Fa
0  1e-07 18 0

0111000
+4 0 *
Sh

0101000
+18 0 +13 0 +8 0 +5 0 +3 0 -3 1 *
So

1100000
-2 0 *

+1 0 