DBRep_DrawableShape

CASCADE Topology V1, (c) Matra-Datavision
Locations 2
1
0.955336489125606               0 -0.29552020666134               0 
              0               1               0               0 
0.29552020666134               0 0.955336489125606               0 
2  1 -1 0
Curve2ds 6
1 0 0 1 0 
2 0 0 -1 -4.33680868994202e-17 -4.33680868994202e-17 1 0.02
1 0 0.005 1 0 
2 0 0 1 -4.33680868994202e-17 4.33680868994202e-17 1 0.02
1 6.28318530717959 0 0 1 
1 0 0 0 1 
Curves 3
2 0 0 0 0 -1 0 -0.955336489125606 -0 -0.29552020666134 0.29552020666134 0 -0.955336489125606 0.02
2 0 0.005 0 0 -1 0 -0.955336489125606 -0 -0.29552020666134 0.29552020666134 0 -0.955336489125606 0.02
1 -0.02 0 0 0 1 0 
Polygon3D 0
PolygonOnTriangulations 6
11 1 3 4 5 6 7 8 9 10 11 2 
p 0.00250172339157389 1 0 0.674432204500927 1.34886440900185 2.02329661350278 2.69772881800371 3.37216102250464 4.04659322700556 4.72102543150649 5.39545763600742 5.8393214715935 6.28318530717959 
11 1 2 3 4 5 6 7 8 9 10 1 
p 0.00250172339157389 1 0 0.674432204500927 1.34886440900185 2.02329661350278 2.69772881800371 3.37216102250464 4.04659322700556 4.72102543150649 5.39545763600742 5.8393214715935 6.28318530717959 
11 12 14 15 16 17 18 19 20 21 22 13 
p 0.00250172339157389 1 0 0.674432204500927 1.34886440900185 2.02329661350278 2.69772881800371 3.37216102250464 4.04659322700556 4.72102543150649 5.39545763600742 5.8393214715935 6.28318530717959 
11 1 2 3 4 5 6 7 8 9 10 1 
p 0.00250172339157389 1 0 0.674432204500927 1.34886440900185 2.02329661350278 2.69772881800371 3.37216102250464 4.04659322700556 4.72102543150649 5.39545763600742 5.8393214715935 6.28318530717959 
2 1 12 
p 0.00250172339157389 1 0 0.005 
2 2 13 
p 0.00250172339157389 1 0 0.005 
Surfaces 3
2 0 0 0 -0 1 -0 -0.955336489125606 -0 -0.29552020666134 0.29552020666134 -0 -0.955336489125606 0.02
1 0 0 0 0 -1 0 0.955336489125606 0 0.29552020666134 0.29552020666134 0 -0.955336489125606 
1 0 0.005 0 0 -1 0 -0.955336489125606 -0 -0.29552020666134 0.29552020666134 0 -0.955336489125606 
Triangulations 3
22 20 1 0.00250172339157389
-0.0191067297825121 0 -0.00591040413322679 -0.0191067297825121 0 -0.00591040413322679 -0.011232758569456 0 -0.0165476625213446 0.00155977614163051 0 -0.0199390846928338 0.0136693211892354 0 -0.0145996458253452 0.0197933886866465 0 -0.0028673619058872 0.0172503920346338 0 0.0101204730448455 0.00715385027047216 0 0.0186767884366576 -0.00607519599764968 0 0.0190549729359593 -0.0166440553586415 0 0.011089428353999 -0.0197933886866465 0 0.0028673619058872 -0.0191067297825121 0.005 -0.00591040413322679 -0.0191067297825121 0.005 -0.00591040413322679 -0.011232758569456 0.005 -0.0165476625213446 0.00155977614163051 0.005 -0.0199390846928338 0.0136693211892354 0.005 -0.0145996458253452 0.0197933886866465 0.005 -0.0028673619058872 0.0172503920346338 0.005 0.0101204730448455 0.00715385027047216 0.005 0.0186767884366576 -0.00607519599764968 0.005 0.0190549729359593 -0.0166440553586415 0.005 0.011089428353999 -0.0197933886866465 0.005 0.0028673619058872 0 0 6.28318530717959 0 0.674432204500927 0 1.34886440900185 0 2.02329661350278 0 2.69772881800371 0 3.37216102250464 0 4.04659322700556 0 4.72102543150649 0 5.39545763600742 0 5.8393214715935 0 0 0.005 6.28318530717959 0.005 0.674432204500927 0.005 1.34886440900185 0.005 2.02329661350278 0.005 2.69772881800371 0.005 3.37216102250464 0.005 4.04659322700556 0.005 4.72102543150649 0.005 5.39545763600742 0.005 5.8393214715935 0.005 13 11 2 22 21 10 21 20 10 3 12 1 22 10 11 15 3 4 10 20 9 14 12 3 5 15 4 20 19 9 13 22 11 9 19 8 15 14 3 19 18 8 17 5 6 18 17 6 16 15 5 8 18 7 17 16 5 18 6 7 
10 8 1 0.00250172339157389
-0.0191067297825121 0 -0.00591040413322679 -0.011232758569456 0 -0.0165476625213446 0.00155977614163051 0 -0.0199390846928338 0.0136693211892354 0 -0.0145996458253452 0.0197933886866465 0 -0.0028673619058872 0.0172503920346338 0 0.0101204730448455 0.00715385027047216 0 0.0186767884366576 -0.00607519599764968 0 0.0190549729359593 -0.0166440553586415 0 0.011089428353999 -0.0197933886866465 0 0.0028673619058872 -0.02 -8.67361737988404e-19 -0.0156212327830095 0.0124890786825542 -0.00440229136609703 0.0195094805345501 0.00874431096216603 0.0179871350080257 0.0180619830727987 0.00858864177142878 0.0194707332481306 -0.00457061776788888 0.0123537025796943 -0.0157285101828639 -0.00017272687518365 -0.0199992541217564 -0.0126235232522069 -0.0155127902293879 -0.0180619830727987 -0.00858864177142879 4 9 8 4 2 1 4 10 9 4 3 2 4 7 6 4 8 7 4 1 10 4 6 5 
10 8 1 0.00250172339157389
-0.0191067297825121 0.005 -0.00591040413322679 -0.011232758569456 0.005 -0.0165476625213446 0.00155977614163051 0.005 -0.0199390846928338 0.0136693211892354 0.005 -0.0145996458253452 0.0197933886866465 0.005 -0.0028673619058872 0.0172503920346338 0.005 0.0101204730448455 0.00715385027047216 0.005 0.0186767884366576 -0.00607519599764968 0.005 0.0190549729359593 -0.0166440553586415 0.005 0.011089428353999 -0.0197933886866465 0.005 0.0028673619058872 0.02 -8.67361737988404e-19 0.0156212327830095 0.0124890786825542 0.00440229136609703 0.0195094805345501 -0.00874431096216603 0.0179871350080257 -0.0180619830727987 0.00858864177142878 -0.0194707332481306 -0.00457061776788888 -0.0123537025796943 -0.0157285101828639 0.00017272687518365 -0.0199992541217564 0.0126235232522069 -0.0155127902293879 0.0180619830727987 -0.00858864177142879 2 3 4 2 4 5 2 8 9 2 9 10 2 7 8 2 10 1 2 6 7 2 5 6 

TShapes 13
Ve
1e-07
-0.02 0 0
0 0

0101101
*
Ed
 1e-07 1 1 0
1  1 0 0 6.28318530717959
2  1 1 0 0 6.28318530717959
2  2 2 0 0 6.28318530717959
6  1 1 0
6  2 2 0
0

0101100
+13 1 -13 1 *
Ve
1e-07
-0.02 0.005 0
0 0

0101101
*
Ed
 1e-07 1 1 0
1  2 0 0 6.28318530717959
2  3 1 0 0 6.28318530717959
2  4 3 0 0 6.28318530717959
6  3 1 0
6  4 3 0
0

0101100
+11 1 -11 1 *
Ed
 1e-07 1 1 0
1  3 0 0 0.005
3  5 6CN 1 2 0 0.005
7  5 6 1 2
0

0101000
+13 0 -11 0 *
Wi

0101000
+12 0 -10 0 -9 1 +9 1 *
Fa
0  1e-07 1 0
2  1
0101000
+8 0 *
Wi

0101000
+10 0 *
Fa
0  1e-07 3 0
2  3
0101000
+6 0 *
Wi

0101000
-12 0 *
Fa
0  1e-07 2 0
2  2
0101000
+4 0 *
Sh

0101000
+7 0 +5 0 +3 0 *
So

0100000
-2 0 *

+1 0 