DBRep_DrawableShape

CASCADE Topology V1, (c) Matra-Datavision
Locations 2
1
0.995004165278026               0 -0.0998334166468282 0.303040224988955 
              0               1               0               0 
0.0998334166468282               0 0.995004165278026 -6.05575298738369 
2  1 -1 0
Curve2ds 9
1 0 3.14159265358979 1 0 
1 0 50 1 0 
1 0 4.57613013151782 1 0 
1 6.28318530717959 0 0 1 
1 0 0 0 1 
2 0 0 -1 -1.4642256118335e-17 -1.4642256118335e-17 1 60.658576965332
1 0 0 1 0 
1 6.28318530717959 0 0 1 
1 0 0 0 1 
Curves 4
2 60.658576965332 50 0 0 -1 0 -0.995004165278026 -0 -0.0998334166468282 0.0998334166468282 0 -0.995004165278026 60.658576965332
2 70.1934924487266 50 0 0 0 -1 1 0 0 0 -1 0 70.1934924487267
2 60.658576965332 0 0 0 -1 0 -0.995004165278026 -0 -0.0998334166468282 0.0998334166468282 0 -0.995004165278026 60.658576965332
1 0 0 0 0 1 0 
Polygon3D 0
PolygonOnTriangulations 0
Surfaces 3
5 60.658576965332 50 0 0 -1 0 0.995004165278026 0 0.0998334166468281 -0.0998334166468281 0 0.995004165278026 9.53491548339461 70.1934924487267
2 60.658576965332 0 0 -0 1 -0 -0.995004165278026 -0 -0.0998334166468282 0.0998334166468282 -0 -0.995004165278026 60.658576965332
1 60.658576965332 0 0 0 -1 0 0.995004165278026 0 0.0998334166468282 0.0998334166468282 0 -0.995004165278026 
Triangulations 0

TShapes 16
Ve
1e-07
0 50 0
0 0

0101101
*
Ed
 1e-07 1 1 0
1  1 0 0 6.28318530717959
2  1 1 0 0 6.28318530717959
2  2 2 0 0 6.28318530717959
4 G1 1 0 2 0
0

0101100
+16 1 -16 1 *
Ve
1e-07
60.658576965332 119.542877197266 0
0 0

0101101
*
Ed
 1e-07 1 1 1
2  3 1 0 0 6.28318530717959
0

0101100
+14 1 -14 1 *
Ed
 1e-07 1 1 0
1  2 0 3.14159265358979 4.57613013151782
3  4 5CN 1 2 3.14159265358979 4.57613013151782
0

0101000
+16 0 -14 0 *
Wi

0101000
+15 0 -13 0 -12 1 +12 1 *
Fa
0  1e-07 1 0

0101000
+11 0 *
Ve
1e-07
0 0 0
0 0

0101101
*
Ed
 1e-07 1 1 0
1  3 0 0 6.28318530717959
2  6 3 0 0 6.28318530717959
2  7 2 0 0 6.28318530717959
0

0101100
+9 1 -9 1 *
Wi

0101000
-8 0 *
Fa
0  1e-07 3 0

0101000
+7 0 *
Ed
 1e-07 1 1 0
1  4 0 0 50
3  8 9CN 2 2 0 50
0

0101000
+9 0 -16 0 *
Wi

0101000
+8 0 -15 0 -5 1 +5 1 *
Fa
0  1e-07 2 0

0101000
+4 0 *
Sh

0101000
+10 0 +6 0 +3 0 *
So

1100000
-2 0 *

+1 0 