DBRep_DrawableShape

CASCADE Topology V1, (c) Matra-Datavision
Locations 5
1
              1               0               0               0 
              0               1               0               0 
              0               0               1              20 
1
              1               0               0               0 
              0               1               0               0 
              0               0               1               0 
2  1 -1 2 -1 0
2  2 -1 0
2  1 -1 0
Curve2ds 22
8 -34.641016151377549 26.30151641077634
1 34.641016151377542 -20.07639674640793 1 -6.9388939039072284e-18 
8 -34.641016151377549 26.30151641077634
1 -47.373481443597399 -7.8314006970223318 0.59883896254368052 0.80086946310844476 
8 3.9503192870866988 94.479419212911438
1 -4.3891804535144852 -20.07639674640793 1 0 
8 3.9503192870866988 94.479419212911438
1 -32.215656535905524 9.3270552683187091 0.15000000000000008 0.98868599666425938 
8 4.8629572531613743 7.7034133611977982
1 -1.5707963267948966 -20.07639674640793 1 0 
8 4.8629572531613743 7.7034133611977982
2 0 100.00000000000001 0 1 1 0 18.250226780643011
8 -49.434299833212968 49.434299833212954
1 49.434299833212968 -20.076396746407934 1 -1.7347234759768071e-18 
8 -49.434299833212968 49.434299833212954
1 25.458888628950753 53.862534017096444 0.15000000000000008 -0.98868599666425949 
8 1.4202280540182104 2.499542065060151
1 4.7123889803846897 -20.07639674640793 1 0 
8 1.4202280540182104 2.499542065060151
2 0 0 0 1 1 0 33.250226780643011
8 0 69.282032302755084
1 9.1593399531575415e-16 -20.07639674640793 1 6.9388939039072284e-18 
8 0 69.282032302755084
1 19.911530992113622 -26.629091507490237 -0.80086947024952793 -0.59883895299340761 
8 2.4995420650601501 5.3544395808392133
1 -1.5707963267948966 -20.07639674640793 1 0 
8 2.4995420650601501 5.3544395808392133
2 -49.497474978184066 -49.497474387932591 0 1 1 0 23.250226780643011
1 7.8539816339744828 -20 -1 0 
2 0 0 0 1 1 0 22.5
1 13.038186211447933 -20 -1 0 
1 6.3366924672918294 -14.356651055235481 -0.17364817266677945 -0.98480775389386954 
1 7.8539816339744828 -20 -1 0 
2 0 0 0 1 1 0 27.5
1 13.038186211447933 -20 -1 0 
1 -6.3366924672918419 -14.356651055235481 0.17364817266677954 -0.98480775389386954 
Curves 11
1 -47.373481443597399 -7.8314006970223318 20 0.59883896254368041 0.80086946310844465 0 
1 -32.215656535905524 9.3270552683187091 20 0.15000000000000008 0.98868599666425938 0 
8 1.5707963267948966 7.8539816339744828
2 0 100.00000000000001 20 0 0 -1 0 1 0 1 0 0 18.250226780643011
1 25.458888628950753 53.862534017096444 20.000000000000004 0.15000000000000005 -0.98868599666425938 0 
8 1.5707963267948966 7.8539816339744828
2 0 0 20 0 0 -1 0 1 0 1 0 0 33.250226780643011
1 19.911530992113622 -26.629091507490237 20 -0.80086947024952782 -0.5988389529934075 0 
8 1.5707963267948966 7.8539816339744828
2 -49.497474978184066 -49.497474387932591 20 0 0 -1 0 1 0 1 0 0 23.250226780643011
8 1.5707963267948966 7.8539816339744828
2 0 0 20 0 0 -1 0 1 0 1 0 0 22.5
1 6.3366924672918294 -14.356651055235481 20 -0.17364817266677945 -0.98480775389386954 0 
8 2.9929500635320982 3.290235243647488
2 0 0 20 0 0 -1 0 1 0 1 0 0 27.5
1 -6.3366924672918419 -14.356651055235481 20 0.17364817266677954 -0.98480775389386954 0 
Polygon3D 0
PolygonOnTriangulations 0
Surfaces 12
1 0 0 0 0 0 1 1 0 0 0 1 0 
1 -69.519211555895168 -34.526500324340567 0 -0.79782191318941365 0.59656019962927331 0.087155740218675309 0.59883896254368041 0.80086946310844487 0 -0.069800370875749584 0.052192253052278044 -0.99619469831300289 
1 -33.287255747194742 13.929042502444512 0 -0.98492374817324246 0.14942920474695051 0.087155740218675296 0.15000000000000008 0.98868599666425938 0 -0.086169659883112273 0.013073361032801304 -0.99619469831300289 
10 0 6.2831853071795862 -220 200
3 0 100.00000000000001 0 0 0 -1 1 0 0 0 -1 0 20
0.087266460061073303
1 19.773719933285193 102.99999999999999 -1.3322676295501878e-15 0.98492374817324257 0.14942920474695051 0.087155740218675323 0.15000000000000008 -0.98868599666425949 0 0.086169659883112287 0.013073361032801304 -0.99619469831300289 
10 0 6.2831853071795862 -220 200
3 0 0 0 0 0 -1 1 0 0 0 -1 0 35
0.087266460061073303
1 20.959363354769263 -28.030431458733474 8.8817841970012523e-16 0.59656019011534223 -0.79782192030332288 0.087155740218675323 -0.80086947024952793 -0.59883895299340761 6.9388939039072284e-18 0.052192252219916947 -0.069800371498135977 -0.99619469831300289 
10 0 6.2831853071795862 -220 200
3 -49.497474978184066 -49.497474387932591 0 0 0 -1 1 0 0 0 -1 0 25
0.087266460061073303
2 0 0 0 0 0 -1 1 0 0 0 1 0 22.5
1 4.0726352567846966 -27.196757932981541 0 -0.98480775389386954 0.17364817266677945 0 0.17364817266677945 0.98480775389386954 0 0 0 -1 
2 0 0 0 0 0 -1 1 0 0 0 1 0 27.5
1 -4.0726352567847073 -27.196757932981541 0 -0.98480775389386954 -0.17364817266677954 0 -0.17364817266677954 0.98480775389386954 0 0 0 -1 
Triangulations 0

TShapes 27
Ve
1e-07
-68.1178716171472 -35.574332703707 20
0 0

0101100
*
Ve
1e-07
-31.6231086428425 13.2326806298141 20
0 0

0101100
*
Ed
 1e-07 1 1 0
1  1 3 -34.6410161513775 26.3015164107763
2  1 2 3 -34.6410161513775 26.3015164107763
2  2 1 4 -34.6410161513775 26.3015164107763
0

0101000
+27 3 -26 3 *
Ve
1e-07
-18.0437436539688 102.737534017096 20
0 0

0101100
*
Ed
 1e-07 1 1 0
1  2 3 3.9503192870867 94.4794192129114
2  3 3 3 3.9503192870867 94.4794192129114
2  4 1 4 3.9503192870867 94.4794192129114
0

0101000
+26 3 -24 3 *
Ve
1e-07
18.0437436539688 102.737534017096 20
0 0

0101100
*
Ed
 1e-07 1 1 0
1  3 3 4.86295725316137 7.7034133611978
2  5 4 3 4.86295725316137 7.7034133611978
2  6 1 4 4.86295725316137 7.7034133611978
0

0101000
+24 3 -22 3 *
Ve
1e-07
32.8740336039327 4.98753401709645 20
0 0

0101100
*
Ed
 1e-07 1 1 0
1  4 3 -49.434299833213 49.434299833213
2  7 5 3 -49.434299833213 49.434299833213
2  8 1 4 -49.434299833213 49.434299833213
0

0101000
+22 3 -20 3 *
Ve
1e-07
19.9115309921136 -26.6290915074902 20
0 0

0101100
*
Ed
 1e-07 1 1 0
1  5 3 1.42022805401821 2.49954206506015
2  9 6 3 1.42022805401821 2.49954206506015
2  10 1 4 1.42022805401821 2.49954206506015
0

0101000
+20 3 -18 3 *
Ve
1e-07
-35.5743335160045 -68.1178711929275 20
0 0

0101100
*
Ed
 1e-07 1 1 0
1  6 3 0 69.2820323027551
2  11 7 3 0 69.2820323027551
2  12 1 4 0 69.2820323027551
0

0101000
+18 3 -16 3 *
Ed
 1e-07 1 1 0
1  7 3 2.49954206506015 5.35443958083921
2  13 8 3 2.49954206506015 5.35443958083921
2  14 1 4 2.49954206506015 5.35443958083921
0

0101000
+16 3 -27 3 *
Wi

0101100
-25 0 -23 0 -21 0 -19 0 -17 0 -15 0 -14 0 *
Ve
0.0001
4.99999999999998 -21.9374109684803 20
0 0

0101100
*
Ve
9.300000002e-05
22.5 0 20
0 0

0101100
*
Ed
 2.24999999999998e-07 1 1 0
1  8 0 1.5707963267949 2.91749956128842
2  15 9 0 1.5707963267949 2.91749956128842
2  16 1 1 1.5707963267949 2.91749956128842
0

0101000
-12 0 +11 0 *
Ve
0.0001
4.0726352567847 -27.1967579329815 20
0 0

0101100
*
Ed
 1e-08 1 1 0
1  9 0 7.697705347334 13.0381862114479
2  17 10 0 7.697705347334 13.0381862114479
2  18 1 1 7.697705347334 13.0381862114479
0

0101000
+12 0 -9 0 *
Ve
0.0001
-4.99999999999998 -21.9374109684803 20
0 0

0101100
*
Ed
 2.24999999999998e-07 1 1 0
1  8 0 3.36568574589116 7.85398163397448
2  15 9 0 3.36568574589116 7.85398163397448
2  16 1 1 3.36568574589116 7.85398163397448
0

0101000
+7 0 -11 0 *
Ve
0.0001
-4.0726352567847 -27.1967579329815 20
0 0

0101100
*
Ed
 2.74999999999998e-07 1 1 0
1  10 0 2.9929500635321 3.29023524364749
2  19 11 0 2.9929500635321 3.29023524364749
2  20 1 1 2.9929500635321 3.29023524364749
0

0101000
+9 0 -5 0 *
Ed
 1e-08 1 1 0
1  11 0 7.697705347334 13.0381862114479
2  21 12 0 7.697705347334 13.0381862114479
2  22 1 1 7.697705347334 13.0381862114479
0

0101000
+7 0 -5 0 *
Wi

0101100
+10 0 +8 0 +6 0 +4 0 -3 0 *
Fa
0  1e-07 1 0

0111000
+13 2 +2 5 *

+1 1 
0

