DBRep_DrawableShape

CASCADE Topology V1, (c) Matra-Datavision
Locations 12
1
              1               0               0               0 
              0               1               0               0 
              0               0               1               0 
1
              1               0               0               0 
              0               1               0          -20.75 
              0               0               1               0 
2  1 1 2 1 0
1
              1               0               0               0 
              0               1               0            41.5 
              0               0               1               0 
2  1 1 2 1 4 1 0
2  2 -1 1 -1 0
2  4 -1 2 -1 1 -1 0
2  1 -1 0
1
              1               0               0               0 
              0               1               0               0 
              0               0               1               0 
2  9 1 4 -1 2 -1 1 -1 0
2  9 1 2 -1 1 -1 0
2  2 1 4 1 0
Curve2ds 2
1 3.1415926535897931 0 0 1 
1 2.988554026754416e-17 0 0 1 
Curves 6
1 22.272792373477401 -20.75 2.4369618046001582 0 1 0 
1 21.521367073011607 -20.75 -4.7123721637448845 0 1 0 
1 23.145118713378906 0 10.736592292785645 -0.10452846616578244 0 -0.99452189506366773 
1 -46.500000000000007 -20.75 2.4369618046001591 0 1 0 
1 -46.5 0 2.4369618046001582 1 0 0 
1 -46.5 0 2.4369618046001582 0.99452189506366773 0 -0.10452846616578244 
Polygon3D 0
PolygonOnTriangulations 15
2 1 2 
p 4.15000002 1 0 41.5 
2 3 4 
p 6.87727925734774 1 0 41.5 
2 3 4 
p 4.15000002 1 0 41.5 
2 3 4 
p 6.80213672730116 1 0 41.5 
2 1 3 
p 2.85973366733802 1 8.34534717574434 15.5340616764818 
2 2 4 
p 2.85973366733802 1 8.34534717574434 15.5340616764818 
2 1 2 
p 5.66362706227322 1 8.34534717574434 15.5340616764818 
2 1 2 
p 6.87727925734774 1 0 41.5 
2 1 2 
p 6.80213672730116 1 0 41.5 
2 1 3 
p 6.87727925734774 1 -7.105427357601e-15 68.7727923734774 
2 2 4 
p 6.87727925734774 1 -7.105427357601e-15 68.7727923734774 
2 3 1 
p 8.25273508881729 1 -7.105427357601e-15 68.7727923734774 
2 1 3 
p 6.80213672730116 1 -7.15934300881138e-15 68.3960478000909 
2 2 4 
p 6.80213672730116 1 -7.15934300881138e-15 68.3960478000909 
2 3 2 
p 8.16256405276139 1 -7.15934300881138e-15 68.3960478000909 
Surfaces 5
1 22.272792373477404 -20.75 2.4369618046001573 -0.99452189506366773 0 0.10452846616578244 -0.10452846616578244 0 -0.99452189506366773 0 -1 0 
1 -46.500000000000007 -20.75 2.4369618046001582 0 0 -1 1 0 0 0 -1 0 
1 -46.500000000000007 -20.75 2.4369618046001591 -0.10452846616578244 0 -0.99452189506366773 0.99452189506366773 0 -0.10452846616578244 0 -1 0 
2 -46.5 0 2.4369618046001582 0.99452189506366773 0 -0.10452846616578244 3.1238896847021187e-18 -1 2.972182414187957e-17 -0.10452846616578244 -2.988554026754416e-17 -0.99452189506366773 20.749999999999996
1 0 0 0 0 1 0 0 0 1 1 0 0 
Triangulations 4
4 2 1 3.50486684366901
22.2727923734774 -20.75 2.43696180460016 22.2727923734774 20.75 2.43696180460016 21.5213670730116 -20.75 -4.71237216374488 21.5213670730116 20.75 -4.71237216374488 0 0 0 -41.5 7.18871450073742 0 7.18871450073742 -41.5 1 2 4 4 3 1 
4 2 1 6.87727925734774
-46.5 -20.75 2.43696180460016 -46.5 20.75 2.43696180460016 22.2727923734774 -20.75 2.43696180460016 22.2727923734774 20.75 2.43696180460016 0 0 0 -41.5 68.7727923734774 0 68.7727923734774 -41.5 1 2 4 4 3 1 
4 2 1 6.80213672730116
-46.5 -20.75 2.43696180460016 -46.5 20.75 2.43696180460016 21.5213670730116 -20.75 -4.71237216374488 21.5213670730116 20.75 -4.71237216374488 0 0 0 -41.5 68.3960478000909 0 68.3960478000909 -41.5 1 2 4 4 3 1 
4 3 1 7.35964206795064
22.2727923734774 0 2.43696180460016 21.5213670730116 0 -4.71237216374488 -46.5 0 2.43696180460016 -12.1136038132613 0 -1.13770517957236 2.43696180460016 22.2727923734774 -4.71237216374488 21.5213670730116 2.43696180460016 -46.5 -1.13770517957236 -12.1136038132613 2 4 1 4 2 3 3 1 4 

TShapes 19
Ve
1e-07
22.2727923734774 0 2.43696180460016
0 0

0101100
*
Ed
 1e-07 1 1 0
1  1 0 0 41.5
6  1 1 0
6  2 2 0
0

0101000
+19 3 -19 5 *
Ve
1e-07
21.5213670730116 0 -4.71237216374488
0 0

0101100
*
Ed
 1e-07 1 1 0
1  2 0 0 41.5
6  3 1 0
6  4 3 0
0

0101000
+17 3 -17 5 *
Ed
 1e-07 1 1 0
1  3 0 8.34534717574434 15.5340616764818
6  5 1 6
6  6 1 7
6  7 4 8
0

0101000
+19 0 -17 0 *
Wi

0101000
+18 0 -16 0 -15 3 +15 5 *
Fa
0  1e-07 1 0
2  1
0101000
+14 0 *
Ve
1e-07
-46.5 0 2.43696180460016
0 0

0101100
*
Ed
 1e-07 1 1 0
1  4 0 0 41.5
6  8 2 0
6  9 3 0
0

0101000
+12 3 -12 5 *
Ed
 1e-07 1 1 0
1  5 0 -7.105427357601e-15 68.7727923734774
6  10 2 6
6  11 2 7
6  12 4 8
0

0101000
+12 0 -19 0 *
Wi

0101000
+11 0 -18 0 -10 3 +10 5 *
Fa
0  1e-07 2 0
2  2
0101000
+9 0 *
Ed
 1e-07 1 1 0
1  6 0 -7.15934300881138e-15 68.3960478000909
2  1 4 10 -7.15934300881138e-15 68.3960478000909
2  2 4 11 -7.15934300881138e-15 68.3960478000909
6  13 3 6
6  14 3 7
6  15 4 8
0

0101000
+12 0 -17 0 *
Wi

0101000
+11 0 -16 0 -7 3 +7 5 *
Fa
0  1e-07 3 0
2  3
0101000
+6 0 *
Wi

0101100
+15 0 +10 0 -7 0 *
Fa
0  1e-07 5 0
2  4
0101000
+4 1 *
Sh

0101000
+13 0 +8 0 -5 0 +3 2 -3 12 *
So

0100000
-2 0 *

+1 0 