DBRep_DrawableShape

CASCADE Topology V1, (c) Matra-Datavision
Locations 0
Curve2ds 60
1 0 1 -1 0 
1 0 1 -1 0 
1 43.152068093504703 0 -1 0 
1 0 1 -1 0 
1 43.152068093504703 0 -1 0 
1 0 1 -1 0 
1 0 1 -1 0 
1 0 1 -1 0 
1 0 1 -1 0 
1 0 1 -1 0 
1 0 1 -1 0 
1 0 1 -1 0 
1 0 1 -1 0 
1 0 1 -1 0 
1 0 1 -1 0 
1 115.29436033304742 111.80339887498947 -1 0 
1 115.29436033304742 111.80339887498947 -1 0 
1 0 0 -1 0 
1 115.29436033304742 111.80339887498947 -1 0 
1 0 0 -1 0 
1 115.29436033304742 111.80339887498947 -1 0 
1 115.29436033304742 111.80339887498947 -1 0 
1 115.29436033304742 111.80339887498947 -1 0 
1 115.29436033304742 111.80339887498947 -1 0 
1 115.29436033304742 111.80339887498947 -1 0 
1 115.29436033304742 111.80339887498947 -1 0 
1 115.29436033304742 111.80339887498947 -1 0 
1 115.29436033304742 111.80339887498947 -1 0 
1 115.29436033304742 111.80339887498947 -1 0 
1 283.35463968129119 1 -1 0 
1 0 100 -1 0 
1 0 100 -1 0 
7 0 0  11 12 2  31.989849509567371 0  27.443129777734772 0  22.899095575215163 0  18.353914818997385 0  13.807862302796858 0  9.262314784359706 0  4.7173842347773478 0  0.17183671633284267 0  -4.3742157998576729 0  -8.9193965560830062 0  -13.463430758599193 0  -18.010150490432569 0 
 3.1415926535897931 12 6.2831853071795862 12
1 0 100 -1 0 
7 0 0  11 12 2  31.989849509567371 0  27.443129777734772 0  22.899095575215163 0  18.353914818997385 0  13.807862302796858 0  9.262314784359706 0  4.7173842347773478 0  0.17183671633284267 0  -4.3742157998576729 0  -8.9193965560830062 0  -13.463430758599193 0  -18.010150490432569 0 
 3.1415926535897931 12 6.2831853071795862 12
1 0 100 -1 0 
1 0 100 -1 0 
1 0 100 -1 0 
1 0 100 -1 0 
1 0 100 -1 0 
1 0 100 -1 0 
1 0 100 -1 0 
1 0 100 -1 0 
1 0 100 -1 0 
1 6.2831853071795862 100 -1 0 
1 -231.75398711892944 111.80339887498948 -1 0 
1 -231.75398711892944 111.80339887498948 -1 0 
1 0 0 -1 0 
1 -231.75398711892944 111.80339887498948 -1 0 
1 0 0 -1 0 
1 -231.75398711892944 111.80339887498948 -1 0 
1 -231.75398711892944 111.80339887498948 -1 0 
1 -231.75398711892944 111.80339887498948 -1 0 
1 -231.75398711892944 111.80339887498948 -1 0 
1 -231.75398711892944 111.80339887498948 -1 0 
1 -231.75398711892944 111.80339887498948 -1 0 
1 -231.75398711892944 111.80339887498948 -1 0 
1 -231.75398711892944 111.80339887498948 -1 0 
1 -231.75398711892944 111.80339887498948 -1 0 
1 -63.693707770685677 1 -1 0 
Curves 4
1 100 0 18.152068093504724 0 -1.2490009027033011e-16 -1 
1 100 -113.68047975579933 -24.999999999999986 -0 1 6.2450045135165043e-17 
2 100 50 0 1 0 -0 0 0 1 0 -1 0 25
1 100 -62.07982719343758 24.999999999999993 0 -1 0 
Polygon3D 0
PolygonOnTriangulations 0
Surfaces 60
9 0 0 0 0 1 1 2 2 2 2 0 0 24.999999999999986  100 -5.3896972002301696e-15 -24.999999999999986  
0 0 -24.999999999999986  100 8.5530731328633288e-16 24.999999999999993  

-43.15206809350471 2
6.8479319064952691 2

0 2
1 2

9 0 0 0 0 1 1 2 2 2 2 0 0 24.999999999999986  100 -5.3896972002301696e-15 -24.999999999999986  
0 0 -24.999999999999986  100 8.5530731328633288e-16 24.999999999999993  

-43.15206809350471 2
6.8479319064952691 2

0 2
1 2

9 0 0 0 0 1 1 2 2 2 2 100 -5.3896972002301696e-15 -24.999999999999986  200 0 -24.999999999999989  
100 8.5530731328633288e-16 24.999999999999993  200 0 24.999999999999993  

-1.0658141036401503e-14 2
49.999999999999972 2

0 2
1 2

9 0 0 0 0 1 1 2 2 2 2 0 0 24.999999999999986  100 -5.3896972002301696e-15 -24.999999999999986  
0 0 -24.999999999999986  100 8.5530731328633288e-16 24.999999999999993  

-43.15206809350471 2
6.8479319064952691 2

0 2
1 2

9 0 0 0 0 1 1 2 2 2 2 100 -5.3896972002301696e-15 -24.999999999999986  200 0 -24.999999999999989  
100 8.5530731328633288e-16 24.999999999999993  200 0 24.999999999999993  

-1.0658141036401503e-14 2
49.999999999999972 2

0 2
1 2

9 0 0 0 0 1 1 2 2 2 2 0 0 24.999999999999986  100 -5.3896972002301696e-15 -24.999999999999986  
0 0 -24.999999999999986  100 8.5530731328633288e-16 24.999999999999993  

-43.15206809350471 2
6.8479319064952691 2

0 2
1 2

9 0 0 0 0 1 1 2 2 2 2 0 0 24.999999999999986  100 -5.3896972002301696e-15 -24.999999999999986  
0 0 -24.999999999999986  100 8.5530731328633288e-16 24.999999999999993  

-43.15206809350471 2
6.8479319064952691 2

0 2
1 2

9 0 0 0 0 1 1 2 2 2 2 0 0 24.999999999999986  100 -5.3896972002301696e-15 -24.999999999999986  
0 0 -24.999999999999986  100 8.5530731328633288e-16 24.999999999999993  

-43.15206809350471 2
6.8479319064952691 2

0 2
1 2

9 0 0 0 0 1 1 2 2 2 2 0 0 24.999999999999986  100 -5.3896972002301696e-15 -24.999999999999986  
0 0 -24.999999999999986  100 8.5530731328633288e-16 24.999999999999993  

-43.15206809350471 2
6.8479319064952691 2

0 2
1 2

9 0 0 0 0 1 1 2 2 2 2 0 0 24.999999999999986  100 -5.3896972002301696e-15 -24.999999999999986  
0 0 -24.999999999999986  100 8.5530731328633288e-16 24.999999999999993  

-43.15206809350471 2
6.8479319064952691 2

0 2
1 2

9 0 0 0 0 1 1 2 2 2 2 0 0 24.999999999999986  100 -5.3896972002301696e-15 -24.999999999999986  
0 0 -24.999999999999986  100 8.5530731328633288e-16 24.999999999999993  

-43.15206809350471 2
6.8479319064952691 2

0 2
1 2

9 0 0 0 0 1 1 2 2 2 2 0 0 24.999999999999986  100 -5.3896972002301696e-15 -24.999999999999986  
0 0 -24.999999999999986  100 8.5530731328633288e-16 24.999999999999993  

-43.15206809350471 2
6.8479319064952691 2

0 2
1 2

9 0 0 0 0 1 1 2 2 2 2 0 0 24.999999999999986  100 -5.3896972002301696e-15 -24.999999999999986  
0 0 -24.999999999999986  100 8.5530731328633288e-16 24.999999999999993  

-43.15206809350471 2
6.8479319064952691 2

0 2
1 2

9 0 0 0 0 1 1 2 2 2 2 0 0 24.999999999999986  100 -5.3896972002301696e-15 -24.999999999999986  
0 0 -24.999999999999986  100 8.5530731328633288e-16 24.999999999999993  

-43.15206809350471 2
6.8479319064952691 2

0 2
1 2

9 0 0 0 0 1 1 2 2 2 2 0 0 -24.999999999999986  100 -5.3896972002301696e-15 -24.999999999999986  
0 0 24.999999999999986  100 8.5530731328633288e-16 24.999999999999993  

-43.15206809350471 2
6.8479319064952691 2

0 2
1 2

10 -48.386119422751904 1.6138805772480955 0 111.80339887498947
1 -0 1.6138805772480955 25 0.44721359549995771 -1.0953573965284052e-16 0.89442719099991586 0 -1 -1.2246467991473532e-16 0.89442719099991597 5.4767869826420244e-17 -0.44721359549995776 
10 -48.386119422751904 1.6138805772480955 0 111.80339887498947
1 -0 1.6138805772480955 25 0.44721359549995771 -1.0953573965284052e-16 0.89442719099991586 0 -1 -1.2246467991473532e-16 0.89442719099991597 5.4767869826420244e-17 -0.44721359549995776 
9 0 0 0 0 1 1 2 2 2 2 100 50 -24.999999999999975  200 50 -24.999999999999979  
100 0 -24.999999999999979  200 0 -24.999999999999979  

-163.68047975579933 2
-113.68047975579933 2

0 2
1 2

10 -48.386119422751904 1.6138805772480955 0 111.80339887498947
1 -0 1.6138805772480955 25 0.44721359549995771 -1.0953573965284052e-16 0.89442719099991586 0 -1 -1.2246467991473532e-16 0.89442719099991597 5.4767869826420244e-17 -0.44721359549995776 
9 0 0 0 0 1 1 2 2 2 2 100 50 -24.999999999999975  200 50 -24.999999999999979  
100 0 -24.999999999999979  200 0 -24.999999999999979  

-163.68047975579933 2
-113.68047975579933 2

0 2
1 2

10 -48.386119422751904 1.6138805772480955 0 111.80339887498947
1 -0 1.6138805772480955 25 0.44721359549995771 -1.0953573965284052e-16 0.89442719099991586 0 -1 -1.2246467991473532e-16 0.89442719099991597 5.4767869826420244e-17 -0.44721359549995776 
10 -48.386119422751904 1.6138805772480955 0 111.80339887498947
1 -0 1.6138805772480955 25 0.44721359549995771 -1.0953573965284052e-16 0.89442719099991586 0 -1 -1.2246467991473532e-16 0.89442719099991597 5.4767869826420244e-17 -0.44721359549995776 
10 -48.386119422751904 1.6138805772480955 0 111.80339887498947
1 -0 1.6138805772480955 25 0.44721359549995771 -1.0953573965284052e-16 0.89442719099991586 0 -1 -1.2246467991473532e-16 0.89442719099991597 5.4767869826420244e-17 -0.44721359549995776 
10 -48.386119422751904 1.6138805772480955 0 111.80339887498947
1 -0 1.6138805772480955 25 0.44721359549995771 -1.0953573965284052e-16 0.89442719099991586 0 -1 -1.2246467991473532e-16 0.89442719099991597 5.4767869826420244e-17 -0.44721359549995776 
10 -48.386119422751904 1.6138805772480955 0 111.80339887498947
1 -0 1.6138805772480955 25 0.44721359549995771 -1.0953573965284052e-16 0.89442719099991586 0 -1 -1.2246467991473532e-16 0.89442719099991597 5.4767869826420244e-17 -0.44721359549995776 
10 -48.386119422751904 1.6138805772480955 0 111.80339887498947
1 -0 1.6138805772480955 25 0.44721359549995771 -1.0953573965284052e-16 0.89442719099991586 0 -1 -1.2246467991473532e-16 0.89442719099991597 5.4767869826420244e-17 -0.44721359549995776 
10 -48.386119422751904 1.6138805772480955 0 111.80339887498947
1 -0 1.6138805772480955 25 0.44721359549995771 -1.0953573965284052e-16 0.89442719099991586 0 -1 -1.2246467991473532e-16 0.89442719099991597 5.4767869826420244e-17 -0.44721359549995776 
10 -48.386119422751904 1.6138805772480955 0 111.80339887498947
1 -0 1.6138805772480955 25 0.44721359549995771 -1.0953573965284052e-16 0.89442719099991586 0 -1 -1.2246467991473532e-16 0.89442719099991597 5.4767869826420244e-17 -0.44721359549995776 
10 -48.386119422751904 1.6138805772480955 0 111.80339887498947
1 -0 1.6138805772480955 25 0.44721359549995771 -1.0953573965284052e-16 0.89442719099991586 0 -1 -1.2246467991473532e-16 0.89442719099991597 5.4767869826420244e-17 -0.44721359549995776 
9 0 0 0 0 1 1 2 2 2 2 0 50 -24.999999999999993  100 50 -24.999999999999975  
0 0 -24.999999999999989  100 0 -24.999999999999979  

119.67415992549186 2
169.67415992549186 2

0 2
1 2

10 3.1415926535897931 6.2831853071795862 0 100
2 -0 50 0 1 0 -0 0 0 1 0 -1 0 25
10 3.1415926535897931 6.2831853071795862 0 100
2 -0 50 0 1 0 -0 0 0 1 0 -1 0 25
9 1 1 0 0 6 1 7 2 2 2 100 50 25  1.0861766858435193 200 50 24.999999999999989  1 
100 64.301204976815768 24.999999999999943  0.99390668382161418 200 50 16.666666666666664  1 
100 76.844093014707852 15.618191902498795  0.95167946949887317 200 50 8.3333333333333375  1 
100 81.901551597893246 -3.731520864653676e-15  0.93647432167198752 200 50 7.4014868308343775e-15  1 
100 76.84409301470788 -15.618191902498779  0.95167946949887383 200 50 -8.3333333333333215  1 
100 64.30120497681574 -24.999999999999954  0.99390668382161307 200 50 -16.666666666666654  1 
100 50 -25  1.0861766858435193 200 50 -24.999999999999982  1 

-18.010150490432572 7
31.989849509567399 7

0 2
1 2

10 3.1415926535897931 6.2831853071795862 0 100
2 -0 50 0 1 0 -0 0 0 1 0 -1 0 25
9 1 1 0 0 6 1 7 2 2 2 100 50 25  1.0861766858435193 200 50 24.999999999999989  1 
100 64.301204976815768 24.999999999999943  0.99390668382161418 200 50 16.666666666666664  1 
100 76.844093014707852 15.618191902498795  0.95167946949887317 200 50 8.3333333333333375  1 
100 81.901551597893246 -3.731520864653676e-15  0.93647432167198752 200 50 7.4014868308343775e-15  1 
100 76.84409301470788 -15.618191902498779  0.95167946949887383 200 50 -8.3333333333333215  1 
100 64.30120497681574 -24.999999999999954  0.99390668382161307 200 50 -16.666666666666654  1 
100 50 -25  1.0861766858435193 200 50 -24.999999999999982  1 

-18.010150490432572 7
31.989849509567399 7

0 2
1 2

10 3.1415926535897931 6.2831853071795862 0 100
2 -0 50 0 1 0 -0 0 0 1 0 -1 0 25
10 3.1415926535897931 6.2831853071795862 0 100
2 -0 50 0 1 0 -0 0 0 1 0 -1 0 25
10 3.1415926535897931 6.2831853071795862 0 100
2 -0 50 0 1 0 -0 0 0 1 0 -1 0 25
10 3.1415926535897931 6.2831853071795862 0 100
2 -0 50 0 1 0 -0 0 0 1 0 -1 0 25
10 3.1415926535897931 6.2831853071795862 0 100
2 -0 50 0 1 0 -0 0 0 1 0 -1 0 25
10 3.1415926535897931 6.2831853071795862 0 100
2 -0 50 0 1 0 -0 0 0 1 0 -1 0 25
10 3.1415926535897931 6.2831853071795862 0 100
2 -0 50 0 1 0 -0 0 0 1 0 -1 0 25
10 3.1415926535897931 6.2831853071795862 0 100
2 -0 50 0 1 0 -0 0 0 1 0 -1 0 25
10 3.1415926535897931 6.2831853071795862 0 100
2 -0 50 0 1 0 -0 0 0 1 0 -1 0 25
10 0 3.1415926535897931 0 100
2 -0 50 0 1 0 -0 0 0 1 -0 1 0 25
10 -169.67415992549186 -119.67415992549186 0 111.80339887498948
1 0 169.67415992549186 -25 0.44721359549995776 -5.4767869826420262e-17 -0.89442719099991586 0 1 -6.123233995736766e-17 0.89442719099991597 2.7383934913210125e-17 0.44721359549995782 
10 -169.67415992549186 -119.67415992549186 0 111.80339887498948
1 0 169.67415992549186 -25 0.44721359549995776 -5.4767869826420262e-17 -0.89442719099991586 0 1 -6.123233995736766e-17 0.89442719099991597 2.7383934913210125e-17 0.44721359549995782 
9 0 0 0 0 1 1 2 2 2 2 100 0 24.999999999999993  200 0 24.999999999999986  
100 50 24.999999999999993  200 50 24.999999999999989  

62.07982719343758 2
112.07982719343758 2

0 2
1 2

10 -169.67415992549186 -119.67415992549186 0 111.80339887498948
1 0 169.67415992549186 -25 0.44721359549995776 -5.4767869826420262e-17 -0.89442719099991586 0 1 -6.123233995736766e-17 0.89442719099991597 2.7383934913210125e-17 0.44721359549995782 
9 0 0 0 0 1 1 2 2 2 2 100 0 24.999999999999993  200 0 24.999999999999986  
100 50 24.999999999999993  200 50 24.999999999999989  

62.07982719343758 2
112.07982719343758 2

0 2
1 2

10 -169.67415992549186 -119.67415992549186 0 111.80339887498948
1 0 169.67415992549186 -25 0.44721359549995776 -5.4767869826420262e-17 -0.89442719099991586 0 1 -6.123233995736766e-17 0.89442719099991597 2.7383934913210125e-17 0.44721359549995782 
10 -169.67415992549186 -119.67415992549186 0 111.80339887498948
1 0 169.67415992549186 -25 0.44721359549995776 -5.4767869826420262e-17 -0.89442719099991586 0 1 -6.123233995736766e-17 0.89442719099991597 2.7383934913210125e-17 0.44721359549995782 
10 -169.67415992549186 -119.67415992549186 0 111.80339887498948
1 0 169.67415992549186 -25 0.44721359549995776 -5.4767869826420262e-17 -0.89442719099991586 0 1 -6.123233995736766e-17 0.89442719099991597 2.7383934913210125e-17 0.44721359549995782 
10 -169.67415992549186 -119.67415992549186 0 111.80339887498948
1 0 169.67415992549186 -25 0.44721359549995776 -5.4767869826420262e-17 -0.89442719099991586 0 1 -6.123233995736766e-17 0.89442719099991597 2.7383934913210125e-17 0.44721359549995782 
10 -169.67415992549186 -119.67415992549186 0 111.80339887498948
1 0 169.67415992549186 -25 0.44721359549995776 -5.4767869826420262e-17 -0.89442719099991586 0 1 -6.123233995736766e-17 0.89442719099991597 2.7383934913210125e-17 0.44721359549995782 
10 -169.67415992549186 -119.67415992549186 0 111.80339887498948
1 0 169.67415992549186 -25 0.44721359549995776 -5.4767869826420262e-17 -0.89442719099991586 0 1 -6.123233995736766e-17 0.89442719099991597 2.7383934913210125e-17 0.44721359549995782 
10 -169.67415992549186 -119.67415992549186 0 111.80339887498948
1 0 169.67415992549186 -25 0.44721359549995776 -5.4767869826420262e-17 -0.89442719099991586 0 1 -6.123233995736766e-17 0.89442719099991597 2.7383934913210125e-17 0.44721359549995782 
10 -169.67415992549186 -119.67415992549186 0 111.80339887498948
1 0 169.67415992549186 -25 0.44721359549995776 -5.4767869826420262e-17 -0.89442719099991586 0 1 -6.123233995736766e-17 0.89442719099991597 2.7383934913210125e-17 0.44721359549995782 
10 -169.67415992549186 -119.67415992549186 0 111.80339887498948
1 0 169.67415992549186 -25 0.44721359549995776 -5.4767869826420262e-17 -0.89442719099991586 0 1 -6.123233995736766e-17 0.89442719099991597 2.7383934913210125e-17 0.44721359549995782 
9 0 0 0 0 1 1 2 2 2 2 0 0 25  100 0 24.999999999999993  
-0 50 25.000000000000007  100 50 24.999999999999993  

-1.6138805772480955 2
48.386119422751904 2

0 2
1 2

Triangulations 0

TShapes 9
Ve
1e-07
100 0 25
0 0

0101100
*
Ve
1e-07
100 0 -25
0 0

0101100
*
Ed
 1e-07 1 1 0
1  1 0 -6.84793190649527 43.1520680935047
2  1 1 0 -6.84793190649527 43.1520680935047
2  2 2 0 -6.84793190649527 43.1520680935047
2  3 3 0 -6.84793190649527 43.1520680935047
4 G1 2 0 3 0
2  4 4 0 -6.84793190649527 43.1520680935047
2  5 5 0 -6.84793190649527 43.1520680935047
4 G1 5 0 4 0
2  6 6 0 -6.84793190649527 43.1520680935047
2  7 7 0 -6.84793190649527 43.1520680935047
2  8 8 0 -6.84793190649527 43.1520680935047
2  9 9 0 -6.84793190649527 43.1520680935047
2  10 10 0 -6.84793190649527 43.1520680935047
2  11 11 0 -6.84793190649527 43.1520680935047
2  12 12 0 -6.84793190649527 43.1520680935047
2  13 13 0 -6.84793190649527 43.1520680935047
2  14 14 0 -6.84793190649527 43.1520680935047
2  15 15 0 -6.84793190649527 43.1520680935047
0

0101000
+9 0 -8 0 *
Ve
75
100 50 -25
0 0

0101100
*
Ed
 1e-07 1 1 0
1  2 0 113.680479755799 163.680479755799
2  16 16 0 113.680479755799 163.680479755799
2  17 17 0 113.680479755799 163.680479755799
2  18 18 0 113.680479755799 163.680479755799
2  19 19 0 113.680479755799 163.680479755799
2  20 20 0 113.680479755799 163.680479755799
2  21 21 0 113.680479755799 163.680479755799
2  22 22 0 113.680479755799 163.680479755799
2  23 23 0 113.680479755799 163.680479755799
2  24 24 0 113.680479755799 163.680479755799
2  25 25 0 113.680479755799 163.680479755799
2  26 26 0 113.680479755799 163.680479755799
2  27 27 0 113.680479755799 163.680479755799
2  28 28 0 113.680479755799 163.680479755799
2  29 29 0 113.680479755799 163.680479755799
2  30 30 0 113.680479755799 163.680479755799
0

0101000
+8 0 -6 0 *
Ve
75
100 50 25
0 0

0101100
*
Ed
 1e-07 0 1 0
1  3 0 3.14159265358979 6.28318530717959
2  31 31 0 3.14159265358979 6.28318530717959
2  32 32 0 3.14159265358979 6.28318530717959
2  33 33 0 3.14159265358979 6.28318530717959
2  34 34 0 3.14159265358979 6.28318530717959
2  35 35 0 3.14159265358979 6.28318530717959
2  36 36 0 3.14159265358979 6.28318530717959
2  37 37 0 3.14159265358979 6.28318530717959
2  38 38 0 3.14159265358979 6.28318530717959
2  39 39 0 3.14159265358979 6.28318530717959
2  40 40 0 3.14159265358979 6.28318530717959
2  41 41 0 3.14159265358979 6.28318530717959
2  42 42 0 3.14159265358979 6.28318530717959
2  43 43 0 3.14159265358979 6.28318530717959
2  44 44 0 3.14159265358979 6.28318530717959
2  45 45 0 3.14159265358979 6.28318530717959
0

0101000
+6 0 -4 0 *
Ed
 1e-07 1 1 0
1  4 0 -112.079827193438 -62.0798271934376
2  46 46 0 -112.079827193438 -62.0798271934376
2  47 47 0 -112.079827193438 -62.0798271934376
2  48 48 0 -112.079827193438 -62.0798271934376
2  49 49 0 -112.079827193438 -62.0798271934376
2  50 50 0 -112.079827193438 -62.0798271934376
2  51 51 0 -112.079827193438 -62.0798271934376
2  52 52 0 -112.079827193438 -62.0798271934376
2  53 53 0 -112.079827193438 -62.0798271934376
2  54 54 0 -112.079827193438 -62.0798271934376
2  55 55 0 -112.079827193438 -62.0798271934376
2  56 56 0 -112.079827193438 -62.0798271934376
2  57 57 0 -112.079827193438 -62.0798271934376
2  58 58 0 -112.079827193438 -62.0798271934376
2  59 59 0 -112.079827193438 -62.0798271934376
2  60 60 0 -112.079827193438 -62.0798271934376
0

0101000
+4 0 -9 0 *
Wi

0101100
+7 0 +5 0 +3 0 +2 0 *

+1 0 
0

