DBRep_DrawableShape

CASCADE Topology V1, (c) Matra-Datavision
Locations 49
1
              1               0               0               0 
              0               1               0               0 
              0               0               1             -80 
1
              1               0               0               0 
              0               1               0               0 
              0               0               1               0 
2  1 1 2 1 1 -1 0
1
              1               0               0               0 
              0               1               0               0 
              0               0               1               0 
1
              1               0               0               0 
              0               1               0               0 
              0               0               1             -80 
2  4 -1 5 -1 0
1
              1               0               0               0 
              0               1               0               0 
              0               0               1               0 
1
              1               0               0               0 
              0               1               0               0 
              0               0               1             -80 
2  7 -1 8 -1 0
1
              1               0               0               0 
              0               1               0               0 
              0               0               1               0 
1
              1               0               0               0 
              0               1               0               0 
              0               0               1             -80 
2  10 -1 11 -1 0
1
              1               0               0               0 
              0               1               0               0 
              0               0               1               0 
1
              1               0               0               0 
              0               1               0               0 
              0               0               1             -80 
2  13 -1 14 -1 0
1
              1               0               0               0 
              0               1               0               0 
              0               0               1               0 
1
              1               0               0               0 
              0               1               0               0 
              0               0               1             -80 
2  16 -1 17 -1 0
1
              1               0               0               0 
              0               1               0               0 
              0               0               1               0 
1
              1               0               0               0 
              0               1               0               0 
              0               0               1             -80 
2  19 -1 20 -1 0
1
              1               0               0               0 
              0               1               0               0 
              0               0               1               0 
1
              1               0               0               0 
              0               1               0               0 
              0               0               1             -80 
2  22 -1 23 -1 0
1
              1               0               0               0 
              0               1               0               0 
              0               0               1               0 
1
              1               0               0               0 
              0               1               0               0 
              0               0               1             -80 
2  25 -1 26 -1 0
1
              1               0               0               0 
              0               1               0               0 
              0               0               1               0 
1
              1               0               0               0 
              0               1               0               0 
              0               0               1             -80 
2  28 -1 29 -1 0
1
              1               0               0               0 
              0               1               0               0 
              0               0               1               0 
1
              1               0               0               0 
              0               1               0               0 
              0               0               1             -80 
2  31 -1 32 -1 0
1
              1               0               0               0 
              0               1               0               0 
              0               0               1               0 
1
              1               0               0               0 
              0               1               0               0 
              0               0               1             -80 
2  34 -1 35 -1 0
1
              1               0               0               0 
              0               1               0               0 
              0               0               1               0 
1
              1               0               0               0 
              0               1               0               0 
              0               0               1             -80 
2  37 -1 38 -1 0
1
              1               0               0               0 
              0               1               0               0 
              0               0               1               0 
1
              1               0               0               0 
              0               1               0               0 
              0               0               1             -80 
2  40 -1 41 -1 0
2  2 -1 1 -1 0
2  1 -1 0
2  1 1 2 1 0
1
              1               0               0               0 
              0               1               0               0 
              0               0               1              20 
2  1 1 46 1 0
2  46 1 1 -1 0
2  46 -1 0
Curve2ds 76
1 0 0 0 -1 
1 0 0 0 -1 
1 0 0 0 -1 
1 0 0 0 -1 
1 0 0 0 -1 
1 0 0 0 -1 
1 0 0 0 -1 
1 0 0 0 -1 
1 0 0 0 -1 
1 0 0 0 -1 
1 0 0 0 -1 
1 0 0 0 -1 
1 0 0 0 -1 
1 0 0 0 -1 
1 0 0 0 -1 
1 0 0 0 -1 
1 0 0 0 -1 
1 0 0 0 -1 
1 0 0 0 -1 
1 0 0 0 -1 
1 0 0 0 -1 
1 0 0 0 -1 
1 0 0 0 -1 
1 0 0 0 -1 
1 0 0 0 -1 
1 0 0 0 -1 
1 0 0 0 -1 
1 0 0 0 -1 
1 0 0 0 -1 
1 0 0 0 -1 
1 0 0 0 -1 
1 0 0 0 -1 
1 0 0 0 -1 
1 0 0 0 -1 
1 0 0 0 -1 
1 0 0 0 -1 
1 0 0 0 -1 
1 0 0 0 -1 
1 0 0 0 -1 
1 0 0 0 -1 
1 0 0 0 -1 
1 0 0 0 -1 
1 0 0 0 -1 
1 0 0 0 -1 
1 0 0 0 -1 
1 0 0 0 -1 
1 0 0 0 -1 
1 0 0 0 -1 
1 0 0 0 -1 
1 0 0 0 -1 
1 0 0 0 -1 
1 0 0 0 -1 
1 0 0 0 -1 
1 0 0 0 -1 
1 0 0 0 -1 
1 0 0 0 -1 
8 0 20.884066548420307
1 0 -28.760629653930664 0.9790627641998727 0.20355860030297068 
8 0 20.884066548420307
1 0 -5.6533126831054688 0.9790627641998727 -0.20355860030297068 
8 0 20.884066548420307
1 0 -3.7606296539306641 0.9790627641998727 -0.20355860030297068 
8 0 20.884066548420307
1 0 -61.946773529052734 0.9790627641998727 0.20355860030297068 
1 25.74886864476947 16.260629653930664 0 1 
1 -8.0117610091611944 0 -1 0 
1 20.446811922630488 0 0 1 
8 0 20.884066548420307
1 0 -65.653312683105469 0.9790627641998727 0.20355860030297068 
8 0 20.884066548420307
1 0 -4.0967826843261719 0.9790627641998727 -0.20355860030297068 
1 35.653312683105469 -8.2488686447694697 1 0 
1 -9.9044440383359991 0 -1 0 
1 20.446811922630488 0 0 1 
8 0 20.884066548420307
1 0 -1.9467735290527344 0.9790627641998727 -0.20355860030297068 
8 0 20.884066548420307
1 0 -29.096782684326172 0.9790627641998727 0.20355860030297068 
1 -25.74886864476947 -16.596782684326172 0 -1 
1 -8.3479140395567022 0 -1 0 
1 20.446811922630488 0 0 1 
1 -31.946773529052734 8.2488686447694697 -1 0 
1 -6.1979048842832718 0 -1 0 
1 20.446811922630488 0 0 1 
Curves 20
1 -30 12.5 0 0 0 1 
1 30 12.5 0 0 0 1 
1 -65.648437499999545 12.5 0 1 0 0 
1 -31.946773529052734 12.5 80 1 0 0 
1 -30 -12.5 0 0 0 1 
1 -30 -30.088134765625 0 0 1 0 
1 -30 -16.596782684326172 80 0 1 0 
1 30 -12.5 0 0 0 1 
1 80.634033203125 -12.5 0 -1 0 0 
1 35.653312683105469 -12.5 80 -1 0 0 
1 30 32.198974609374545 0 0 -1 0 
1 30 16.260629653930664 80 0 -1 0 
8 0 20.884066548420307
1 30 -12.5 0 -0.20355860030297068 0.20355860030297068 0.95766789258353591 
8 0 20.884066548420307
1 30 12.5 0 -0.20355860030297068 -0.20355860030297068 0.95766789258353591 
1 25.74886864476947 16.260629653930664 20 0 1 0 
8 0 20.884066548420307
1 -30 -12.5 0 0.20355860030297068 0.20355860030297068 0.95766789258353591 
1 35.653312683105469 -8.2488686447694697 20 1 0 0 
8 0 20.884066548420307
1 -30 12.5 0 0.20355860030297068 -0.20355860030297068 0.95766789258353591 
1 -25.74886864476947 -16.596782684326172 20 0 -1 0 
1 -31.946773529052734 8.2488686447694697 20 -1 0 0 
Polygon3D 0
PolygonOnTriangulations 0
Surfaces 66
1 -30 12.5 0 0 1 0 1 0 0 0 0 -1 
10 0 100.13723460743863 -61.946773529052734 -1.9467735290527344
1 -31.946773529052734 12.5 0 0 -0.99862953467831805 -0.052335957697993332 0 -0.052335957697993332 0.99862953467831805 -1 0 0 
10 0 90.123511146694767 -61.946773529052734 -1.9467735290527344
1 -31.946773529052734 12.5 0 0 -0.99862953467831794 -0.052335957697993332 0 -0.052335957697993332 0.99862953467831794 -1 0 0 
10 0 80.109787685950906 -61.946773529052734 -1.9467735290527344
1 -31.946773529052734 12.5 0 0 -0.99862953467831794 -0.052335957697993339 0 -0.052335957697993339 0.99862953467831794 -1 0 0 
10 0 70.096064225207044 -61.946773529052734 -1.9467735290527344
1 -31.946773529052734 12.5 0 0 -0.99862953467831794 -0.052335957697993332 0 -0.052335957697993332 0.99862953467831794 -1 0 0 
10 0 20.027446921487726 -61.946773529052734 -1.9467735290527344
1 -31.946773529052734 12.5 0 0 -0.99862953467831794 -0.052335957697993339 0 -0.052335957697993339 0.99862953467831794 -1 0 0 
10 0 20.048837950419919 -61.946773529052734 -1.9467735290527344
1 -31.946773529052734 12.5 0 0 -0.99756405081727462 -0.069756465772212881 0 -0.069756465772212881 0.99756405081727462 -1 0 0 
10 0 20.07639674640793 -61.946773529052734 -1.9467735290527344
1 -31.946773529052734 12.5 0 0 -0.99619469831300289 -0.087155740218675309 0 -0.087155740218675309 0.99619469831300289 -1 0 0 
10 0 20.110165565933698 -61.946773529052734 -1.9467735290527344
1 -31.946773529052734 12.5 0 0 -0.99452189662126322 -0.10452845134625136 0 -0.10452845134625136 0.99452189662126322 -1 0 0 
10 0 20.15019649301016 -61.946773529052734 -1.9467735290527344
1 -31.946773529052734 12.5 0 0 -0.99254615243765687 -0.12186933691952075 0 -0.12186933691952075 0.99254615243765687 -1 0 0 
10 0 20.196551405006261 -61.946773529052734 -1.9467735290527344
1 -31.946773529052734 12.5 0 0 -0.99026807096594027 -0.13917308513285051 0 -0.13917308513285051 0.99026807096594027 -1 0 0 
10 0 20.249302434197823 -61.946773529052734 -1.9467735290527344
1 -31.946773529052734 12.5 0 0 -0.987688344573451 -0.15643443992214751 0 -0.15643443992214751 0.987688344573451 -1 0 0 
10 0 20.308532219533429 -61.946773529052734 -1.9467735290527344
1 -31.946773529052734 12.5 0 0 -0.98480775389386965 -0.17364817266677943 0 -0.17364817266677943 0.98480775389386965 -1 0 0 
10 0 20.308532219533429 -61.946773529052734 -1.9467735290527344
1 -31.946773529052734 12.5 0 0 -0.98480775389386965 -0.17364817266677943 0 -0.17364817266677943 0.98480775389386965 -1 0 0 
10 0 20.446811922630484 -61.946773529052734 -1.9467735290527344
1 -31.946773529052734 12.5 0 0 -0.97814759952205776 -0.20791169651858482 0 -0.20791169651858482 0.97814759952205776 -1 0 0 
1 -30 -12.5 0 -1 0 0 0 1 0 0 0 -1 
10 0 100.13723460743863 -29.096782684326172 -4.0967826843261719
1 -30 -16.596782684326172 0 0.99862953467831805 0 -0.052335957697993332 0.052335957697993332 0 0.99862953467831805 0 -1 0 
10 0 90.123511146694767 -29.096782684326172 -4.0967826843261719
1 -30 -16.596782684326172 0 0.99862953467831794 0 -0.052335957697993332 0.052335957697993332 0 0.99862953467831794 0 -1 0 
10 0 80.109787685950906 -29.096782684326172 -4.0967826843261719
1 -30 -16.596782684326172 0 0.99862953467831794 0 -0.052335957697993339 0.052335957697993339 0 0.99862953467831794 0 -1 0 
10 0 70.096064225207044 -29.096782684326172 -4.0967826843261719
1 -30 -16.596782684326172 0 0.99862953467831794 0 -0.052335957697993332 0.052335957697993332 0 0.99862953467831794 0 -1 0 
10 0 20.027446921487726 -29.096782684326172 -4.0967826843261719
1 -30 -16.596782684326172 0 0.99862953467831794 0 -0.052335957697993339 0.052335957697993339 0 0.99862953467831794 0 -1 0 
10 0 20.048837950419919 -29.096782684326172 -4.0967826843261719
1 -30 -16.596782684326172 0 0.99756405081727462 0 -0.069756465772212881 0.069756465772212881 0 0.99756405081727462 0 -1 0 
10 0 20.07639674640793 -29.096782684326172 -4.0967826843261719
1 -30 -16.596782684326172 0 0.99619469831300289 0 -0.087155740218675309 0.087155740218675309 0 0.99619469831300289 0 -1 0 
10 0 20.110165565933698 -29.096782684326172 -4.0967826843261719
1 -30 -16.596782684326172 0 0.99452189662126322 0 -0.10452845134625136 0.10452845134625136 0 0.99452189662126322 0 -1 0 
10 0 20.15019649301016 -29.096782684326172 -4.0967826843261719
1 -30 -16.596782684326172 0 0.99254615243765687 0 -0.12186933691952075 0.12186933691952075 0 0.99254615243765687 0 -1 0 
10 0 20.196551405006261 -29.096782684326172 -4.0967826843261719
1 -30 -16.596782684326172 0 0.99026807096594027 0 -0.13917308513285051 0.13917308513285051 0 0.99026807096594027 0 -1 0 
10 0 20.249302434197823 -29.096782684326172 -4.0967826843261719
1 -30 -16.596782684326172 0 0.987688344573451 0 -0.15643443992214751 0.15643443992214751 0 0.987688344573451 0 -1 0 
10 0 20.308532219533429 -29.096782684326172 -4.0967826843261719
1 -30 -16.596782684326172 0 0.98480775389386965 0 -0.17364817266677943 0.17364817266677943 0 0.98480775389386965 0 -1 0 
10 0 20.308532219533429 -29.096782684326172 -4.0967826843261719
1 -30 -16.596782684326172 0 0.98480775389386965 0 -0.17364817266677943 0.17364817266677943 0 0.98480775389386965 0 -1 0 
10 0 20.446811922630484 -29.096782684326172 -4.0967826843261719
1 -30 -16.596782684326172 0 0.97814759952205776 0 -0.20791169651858482 0.20791169651858482 0 0.97814759952205776 0 -1 0 
1 30 -12.5 0 0 -1 0 -1 0 0 0 0 -1 
10 0 100.13723460743863 -65.653312683105469 -5.6533126831054688
1 35.653312683105469 -12.5 0 0 0.99862953467831805 -0.052335957697993332 0 0.052335957697993332 0.99862953467831805 1 0 0 
10 0 90.123511146694767 -65.653312683105469 -5.6533126831054688
1 35.653312683105469 -12.5 0 0 0.99862953467831794 -0.052335957697993332 0 0.052335957697993332 0.99862953467831794 1 0 0 
10 0 80.109787685950906 -65.653312683105469 -5.6533126831054688
1 35.653312683105469 -12.5 0 0 0.99862953467831794 -0.052335957697993339 0 0.052335957697993339 0.99862953467831794 1 0 0 
10 0 70.096064225207044 -65.653312683105469 -5.6533126831054688
1 35.653312683105469 -12.5 0 0 0.99862953467831794 -0.052335957697993332 0 0.052335957697993332 0.99862953467831794 1 0 0 
10 0 20.027446921487726 -65.653312683105469 -5.6533126831054688
1 35.653312683105469 -12.5 0 0 0.99862953467831794 -0.052335957697993339 0 0.052335957697993339 0.99862953467831794 1 0 0 
10 0 20.048837950419919 -65.653312683105469 -5.6533126831054688
1 35.653312683105469 -12.5 0 0 0.99756405081727462 -0.069756465772212881 0 0.069756465772212881 0.99756405081727462 1 0 0 
10 0 20.07639674640793 -65.653312683105469 -5.6533126831054688
1 35.653312683105469 -12.5 0 0 0.99619469831300289 -0.087155740218675309 0 0.087155740218675309 0.99619469831300289 1 0 0 
10 0 20.110165565933698 -65.653312683105469 -5.6533126831054688
1 35.653312683105469 -12.5 0 0 0.99452189662126322 -0.10452845134625136 0 0.10452845134625136 0.99452189662126322 1 0 0 
10 0 20.15019649301016 -65.653312683105469 -5.6533126831054688
1 35.653312683105469 -12.5 0 0 0.99254615243765687 -0.12186933691952075 0 0.12186933691952075 0.99254615243765687 1 0 0 
10 0 20.196551405006261 -65.653312683105469 -5.6533126831054688
1 35.653312683105469 -12.5 0 0 0.99026807096594027 -0.13917308513285051 0 0.13917308513285051 0.99026807096594027 1 0 0 
10 0 20.249302434197823 -65.653312683105469 -5.6533126831054688
1 35.653312683105469 -12.5 0 0 0.987688344573451 -0.15643443992214751 0 0.15643443992214751 0.987688344573451 1 0 0 
10 0 20.308532219533429 -65.653312683105469 -5.6533126831054688
1 35.653312683105469 -12.5 0 0 0.98480775389386965 -0.17364817266677943 0 0.17364817266677943 0.98480775389386965 1 0 0 
10 0 20.308532219533429 -65.653312683105469 -5.6533126831054688
1 35.653312683105469 -12.5 0 0 0.98480775389386965 -0.17364817266677943 0 0.17364817266677943 0.98480775389386965 1 0 0 
10 0 20.446811922630484 -65.653312683105469 -5.6533126831054688
1 35.653312683105469 -12.5 0 0 0.97814759952205776 -0.20791169651858482 0 0.20791169651858482 0.97814759952205776 1 0 0 
1 30 12.5 0 1 0 0 0 -1 0 0 0 -1 
10 0 100.13723460743863 -28.760629653930664 -3.7606296539306641
1 30 16.260629653930664 0 -0.99862953467831805 0 -0.052335957697993332 -0.052335957697993332 0 0.99862953467831805 0 1 0 
10 0 90.123511146694767 -28.760629653930664 -3.7606296539306641
1 30 16.260629653930664 0 -0.99862953467831794 0 -0.052335957697993332 -0.052335957697993332 0 0.99862953467831794 0 1 0 
10 0 80.109787685950906 -28.760629653930664 -3.7606296539306641
1 30 16.260629653930664 0 -0.99862953467831794 0 -0.052335957697993339 -0.052335957697993339 0 0.99862953467831794 0 1 0 
10 0 70.096064225207044 -28.760629653930664 -3.7606296539306641
1 30 16.260629653930664 0 -0.99862953467831794 0 -0.052335957697993332 -0.052335957697993332 0 0.99862953467831794 0 1 0 
10 0 20.027446921487726 -28.760629653930664 -3.7606296539306641
1 30 16.260629653930664 0 -0.99862953467831794 0 -0.052335957697993339 -0.052335957697993339 0 0.99862953467831794 0 1 0 
10 0 20.048837950419919 -28.760629653930664 -3.7606296539306641
1 30 16.260629653930664 0 -0.99756405081727462 0 -0.069756465772212881 -0.069756465772212881 0 0.99756405081727462 0 1 0 
10 0 20.07639674640793 -28.760629653930664 -3.7606296539306641
1 30 16.260629653930664 0 -0.99619469831300289 0 -0.087155740218675309 -0.087155740218675309 0 0.99619469831300289 0 1 0 
10 0 20.110165565933698 -28.760629653930664 -3.7606296539306641
1 30 16.260629653930664 0 -0.99452189662126322 0 -0.10452845134625136 -0.10452845134625136 0 0.99452189662126322 0 1 0 
10 0 20.15019649301016 -28.760629653930664 -3.7606296539306641
1 30 16.260629653930664 0 -0.99254615243765687 0 -0.12186933691952075 -0.12186933691952075 0 0.99254615243765687 0 1 0 
10 0 20.196551405006261 -28.760629653930664 -3.7606296539306641
1 30 16.260629653930664 0 -0.99026807096594027 0 -0.13917308513285051 -0.13917308513285051 0 0.99026807096594027 0 1 0 
10 0 20.249302434197823 -28.760629653930664 -3.7606296539306641
1 30 16.260629653930664 0 -0.987688344573451 0 -0.15643443992214751 -0.15643443992214751 0 0.987688344573451 0 1 0 
10 0 20.308532219533429 -28.760629653930664 -3.7606296539306641
1 30 16.260629653930664 0 -0.98480775389386965 0 -0.17364817266677943 -0.17364817266677943 0 0.98480775389386965 0 1 0 
10 0 20.308532219533429 -28.760629653930664 -3.7606296539306641
1 30 16.260629653930664 0 -0.98480775389386965 0 -0.17364817266677943 -0.17364817266677943 0 0.98480775389386965 0 1 0 
10 0 20.446811922630484 -28.760629653930664 -3.7606296539306641
1 30 16.260629653930664 0 -0.97814759952205776 0 -0.20791169651858482 -0.20791169651858482 0 0.97814759952205776 0 1 0 
1 0 0 0 0 0 1 1 0 0 0 1 0 
1 0 0 80 0 0 1 1 0 0 0 1 0 
1 25.74886864476947 8.2488686447694697 100 1 0 0 0 -1 0 0 0 -1 
1 25.74886864476947 -8.2488686447694697 100 0 -1 0 -1 0 0 0 0 -1 
1 -25.748868644769466 -8.2488686447694697 100 -1 0 0 0 1 0 0 0 -1 
1 -25.748868644769463 8.2488686447694697 100 0 1 0 1 0 0 0 0 -1 
Triangulations 0

TShapes 54
Ve
1e-07
-30 12.5 0
0 0

0101100
*
Ve
6.00000002e-06
-30 12.5 80
0 0

0101100
*
Ed
 1e-07 1 1 0
1  1 0 0 80
0

0101000
+54 0 -53 3 *
Ve
1e-07
30 12.5 0
0 0

0101100
*
Ve
6.00000002e-06
30 12.5 80
0 0

0101100
*
Ed
 1e-07 1 1 0
1  2 0 0 80
0

0101000
+51 0 -50 3 *
Ed
 1e-07 1 1 0
1  3 0 35.6484374999995 95.6484374999995
0

0101000
+54 0 -51 0 *
Ed
 6.00000002e-06 1 1 0
1  4 0 1.94677352905273 61.9467735290527
2  1 2 6 1.94677352905273 61.9467735290527
2  2 3 9 1.94677352905273 61.9467735290527
2  3 4 12 1.94677352905273 61.9467735290527
2  4 5 15 1.94677352905273 61.9467735290527
2  5 6 18 1.94677352905273 61.9467735290527
2  6 7 21 1.94677352905273 61.9467735290527
2  7 8 24 1.94677352905273 61.9467735290527
2  8 9 27 1.94677352905273 61.9467735290527
2  9 10 30 1.94677352905273 61.9467735290527
2  10 11 33 1.94677352905273 61.9467735290527
2  11 12 36 1.94677352905273 61.9467735290527
2  12 13 39 1.94677352905273 61.9467735290527
2  13 14 42 1.94677352905273 61.9467735290527
2  14 15 43 1.94677352905273 61.9467735290527
0

0101000
+53 0 -50 0 *
Wi

0101000
+52 0 -49 0 -48 0 +47 3 *
Fa
0  1e-07 1 0

0101000
+46 0 *
Ve
1e-07
-30 -12.5 0
0 0

0101100
*
Ve
6.00000002e-06
-30 -12.5 80
0 0

0101100
*
Ed
 1e-07 1 1 0
1  5 0 0 80
0

0101000
+44 0 -43 3 *
Ed
 1e-07 1 1 0
1  6 0 17.588134765625 42.588134765625
0

0101000
+44 0 -54 0 *
Ed
 6.00000002e-06 1 1 0
1  7 0 4.09678268432617 29.0967826843262
2  15 17 6 4.09678268432617 29.0967826843262
2  16 18 9 4.09678268432617 29.0967826843262
2  17 19 12 4.09678268432617 29.0967826843262
2  18 20 15 4.09678268432617 29.0967826843262
2  19 21 18 4.09678268432617 29.0967826843262
2  20 22 21 4.09678268432617 29.0967826843262
2  21 23 24 4.09678268432617 29.0967826843262
2  22 24 27 4.09678268432617 29.0967826843262
2  23 25 30 4.09678268432617 29.0967826843262
2  24 26 33 4.09678268432617 29.0967826843262
2  25 27 36 4.09678268432617 29.0967826843262
2  26 28 39 4.09678268432617 29.0967826843262
2  27 29 42 4.09678268432617 29.0967826843262
2  28 30 43 4.09678268432617 29.0967826843262
0

0101000
+43 0 -53 0 *
Wi

0101000
+42 0 -52 0 -41 0 +40 3 *
Fa
0  1e-07 16 0

0101000
+39 0 *
Ve
1e-07
30 -12.5 0
0 0

0101100
*
Ve
6.00000002e-06
30 -12.5 80
0 0

0101100
*
Ed
 1e-07 1 1 0
1  8 0 0 80
0

0101000
+37 0 -36 3 *
Ed
 1e-07 1 1 0
1  9 0 50.634033203125 110.634033203125
0

0101000
+37 0 -44 0 *
Ed
 6.00000002e-06 1 1 0
1  10 0 5.65331268310547 65.6533126831055
2  29 32 6 5.65331268310547 65.6533126831055
2  30 33 9 5.65331268310547 65.6533126831055
2  31 34 12 5.65331268310547 65.6533126831055
2  32 35 15 5.65331268310547 65.6533126831055
2  33 36 18 5.65331268310547 65.6533126831055
2  34 37 21 5.65331268310547 65.6533126831055
2  35 38 24 5.65331268310547 65.6533126831055
2  36 39 27 5.65331268310547 65.6533126831055
2  37 40 30 5.65331268310547 65.6533126831055
2  38 41 33 5.65331268310547 65.6533126831055
2  39 42 36 5.65331268310547 65.6533126831055
2  40 43 39 5.65331268310547 65.6533126831055
2  41 44 42 5.65331268310547 65.6533126831055
2  42 45 43 5.65331268310547 65.6533126831055
0

0101000
+36 0 -43 0 *
Wi

0101000
+35 0 -42 0 -34 0 +33 3 *
Fa
0  1e-07 31 0

0101000
+32 0 *
Ed
 1e-07 1 1 0
1  11 0 19.6989746093745 44.6989746093745
0

0101000
+51 0 -37 0 *
Ed
 6.00000002e-06 1 1 0
1  12 0 3.76062965393066 28.7606296539307
2  43 47 6 3.76062965393066 28.7606296539307
2  44 48 9 3.76062965393066 28.7606296539307
2  45 49 12 3.76062965393066 28.7606296539307
2  46 50 15 3.76062965393066 28.7606296539307
2  47 51 18 3.76062965393066 28.7606296539307
2  48 52 21 3.76062965393066 28.7606296539307
2  49 53 24 3.76062965393066 28.7606296539307
2  50 54 27 3.76062965393066 28.7606296539307
2  51 55 30 3.76062965393066 28.7606296539307
2  52 56 33 3.76062965393066 28.7606296539307
2  53 57 36 3.76062965393066 28.7606296539307
2  54 58 39 3.76062965393066 28.7606296539307
2  55 59 42 3.76062965393066 28.7606296539307
2  56 60 43 3.76062965393066 28.7606296539307
0

0101000
+50 0 -36 0 *
Wi

0101000
+49 0 -35 0 -30 0 +29 3 *
Fa
0  1e-07 46 0

0101000
+28 0 *
Wi

0101100
+48 0 +30 0 +34 0 +41 0 *
Fa
0  1e-07 61 0

0101000
-26 0 *
Ve
6.00000002e-06
25.7488686447695 -8.24886864476947 20
0 0

0101100
*
Ed
 6.00000002e-06 1 1 0
1  13 0 0 20.8840665484203
4 C0 45 0 60 0
2  57 60 0 0 20.8840665484203
2  58 45 0 0 20.8840665484203
0

0101000
+36 45 -24 0 *
Ve
6.00000002e-06
25.7488686447695 8.24886864476947 20
0 0

0101100
*
Ed
 6.00000002e-06 1 1 0
1  14 0 0 20.8840665484203
4 C0 60 0 15 0
2  59 60 0 0 20.8840665484203
2  60 15 0 0 20.8840665484203
0

0101000
+50 45 -22 0 *
Ed
 5.14977374895389e-06 1 1 0
1  15 0 -24.5094982987001 -8.01176100916119
2  61 62 47 -24.5094982987001 -8.01176100916119
2  62 63 1 -24.5094982987001 -8.01176100916119
2  63 60 0 -24.5094982987001 -8.01176100916119
0

0101000
+24 0 -22 0 *
Wi

0101000
+23 0 +29 45 -21 0 +20 0 *
Fa
0  2.50000002e-06 60 0

0101000
+19 0 *
Ve
6.00000002e-06
-25.7488686447695 -8.24886864476947 20
0 0

0101100
*
Ed
 6.00000002e-06 1 1 0
1  16 0 0 20.8840665484203
4 C0 30 0 45 0
2  64 45 0 0 20.8840665484203
2  65 30 0 0 20.8840665484203
0

0101000
+43 45 -17 0 *
Ed
 6.00000002e-06 1 1 0
1  17 0 -61.4021813278749 -9.904444038336
2  66 62 47 -61.4021813278749 -9.904444038336
2  67 64 1 -61.4021813278749 -9.904444038336
2  68 45 0 -61.4021813278749 -9.904444038336
0

0101000
+17 0 -24 0 *
Wi

0101000
-23 0 +33 45 +16 0 +15 0 *
Fa
0  6.00000002e-06 45 0

0101000
+14 0 *
Ve
6.00000002e-06
-25.7488686447695 8.24886864476947 20
0 0

0101100
*
Ed
 6.00000002e-06 1 1 0
1  18 0 0 20.8840665484203
4 C0 15 0 30 0
2  69 15 0 0 20.8840665484203
2  70 30 0 0 20.8840665484203
0

0101000
+53 45 -12 0 *
Ed
 5.14977374895389e-06 1 1 0
1  19 0 -24.8456513290956 -8.3479140395567
2  71 62 47 -24.8456513290956 -8.3479140395567
2  72 65 1 -24.8456513290956 -8.3479140395567
2  73 30 0 -24.8456513290956 -8.3479140395567
0

0101000
+12 0 -17 0 *
Wi

0101000
+11 0 +40 45 -16 0 +10 0 *
Fa
0  2.50000002e-06 30 0

0101000
+9 0 *
Ed
 6.00000002e-06 1 1 0
1  20 0 -57.6956421738222 -6.19790488428326
2  74 62 47 -57.6956421738222 -6.19790488428326
2  75 66 1 -57.6956421738222 -6.19790488428326
2  76 15 0 -57.6956421738222 -6.19790488428326
0

0101000
+22 0 -12 0 *
Wi

0101000
+21 0 +47 45 -11 0 +7 0 *
Fa
0  6.00000002e-06 15 0

0101000
+6 0 *
Wi

0101000
+20 0 +7 0 +10 0 +15 0 *
Fa
0  5.14977374895389e-06 62 1

0101000
+4 49 *
Sh

0101000
+45 0 +38 0 +31 0 +27 0 -25 0 -18 44 -13 44 -8 44 -5 44 +3 48 
*
So

0100000
+2 0 *

+1 0 
0

