DBRep_DrawableShape

CASCADE Topology V1, (c) Matra-Datavision
Locations 14
1
              1               0               0               0 
              0               1               0               0 
              0               0               1               0 
1
0.989073799761029 -0.104528466165782 -0.103955848259292 -0.254731879539456 
0.104528466165782               0 0.994521895063668 2.43696180460016 
-0.103955848259292 -0.994521895063668 0.0109262002389711 -2.42361187210872 
2  1 1 2 1 0
1
0.989073799761029 -0.104528466165782 -0.103955848259292 -0.254731879539456 
0.104528466165782               0 0.994521895063668 2.43696180460016 
-0.103955848259292 -0.994521895063668 0.0109262002389711 -2.42361187210872 
2  4 -1 1 -1 0
1
0.978147599522058               0 -0.207911696518585 -0.509463759078905 
              0              -1               0               0 
-0.207911696518585               0 -0.978147599522058 -4.84722374421745 
2  6 -1 4 -1 1 -1 0
2  2 -1 1 -1 0
1
0.978147599522058               0 -0.207911696518585 -0.509463759078905 
              0              -1               0               0 
-0.207911696518585               0 -0.978147599522058 -4.84722374421745 
2  9 -1 2 -1 1 -1 0
2  1 1 2 1 9 1 0
1
              1               0               0               0 
              0               1               0               0 
              0               0               1               0 
2  12 -1 0
2  12 -1 2 -1 1 -1 0
Curve2ds 20
1 0 0 0 1 
1 3.1415926535897931 0 0 1 
1 -18.199367517970945 -48.668965672939983 -0.10452846616578244 0.99452189506366773 
1 0 0 0 1 
1 3.1415926535897931 0 0 1 
1 -18.199367517970945 -48.668965672939983 -0.10452846616578244 0.99452189506366773 
7 0 0  8 16 3  -2.5312482838901309e-18 -4.3776192413263675e-15  0.1963495417243622 0.21352255743677154  0.39269908244727958 0.42704516443427565  0.58904862317467632 0.62802340924554301  0.78539816389275074 0.80391539350694075  0.98174770462310335 0.94371867157360612  1.1780972453454979 1.0395470551388826  1.3744467860705345 1.0874614504398536  1.7671458675192586 1.0874614504398536  1.9634954082455351 1.0395470551399058  2.1598449489592895 0.94371867156996814  2.3561944897046487 0.80391539351194297  2.5525440304099902 0.62802340923917654  2.7488935711435261 0.4270451644355262  2.9452431118654312 0.21352255743677154  3.1415926535897931 -4.3043531166339653e-15 
 4.7123889803846897 9 6.2831853071795862 7 7.8539816339744828 9
3 34.257692252758105 -402 1 0 0 1 20.778476181043512 20.749999999999996
2 0 0 -1 4.2803779262656646e-17 4.2803779262656646e-17 1 20.749999999999996
1 0 68.396047800090898 1 0 
1 203.54766864845172 -25.362412360907999 -0.99452189506366773 -0.10452846616578246 
1 34.257692252758105 -199.78151909769991 0 -1 
1 15.534061676481752 4.4408920985006262e-16 -1 5.1338005320355799e-18 
1 15.534061676481752 4.4408920985006262e-16 -1 5.1338005320355799e-18 
1 2.4369618046001582 -46.5 -0.10452846616578244 0.99452189506366773 
1 2.4369618046001582 -46.5 -0.10452846616578244 0.99452189506366773 
1 -196.25013316714271 -67.382855759552541 -0.99452189506366773 -0.10452846616578246 
1 34.257692252758105 -202.21848090230009 0 1 
1 -15.534061676481752 -2.2204460492503131e-15 1 -5.1338005320355675e-18 
1 10.736592292785645 23.145118713378906 -0.99452189506366773 -0.10452846616578244 
Curves 10
1 -48.668965672939983 0 -18.199367517970945 0.99452189506366773 0 -0.10452846616578244 
8 4.7123889803846897 7.8539816339744828
3 -46.5 0 2.4369618046001582 0.99862953467831794 0 -0.052335957697993332 -0.052335957697993332 0 -0.99862953467831794 0 1 0 20.778476181043512 20.749999999999996
2 21.521367073011604 0 -4.7123721637448819 0.99452189506366773 0 -0.10452846616578244 2.5789725291189571e-18 -1 2.4537283871636213e-17 -0.10452846616578244 -2.4672442098487308e-17 -0.99452189506366773 20.749999999999996
1 -46.5 202.21848090230009 2.4369618046001582 0 -1 0 
1 -46.500000000000007 -20.75 2.4369618046001591 0 1 0 
1 23.145118713378906 0 10.736592292785645 -0.10452846616578244 0 -0.99452189506366773 
1 21.521367073011607 -20.75 -4.7123721637448845 0 1 0 
1 -46.5 0 2.4369618046001582 0.99452189506366773 0 -0.10452846616578244 
1 -46.5 199.78151909769991 2.4369618046001555 0 1 0 
1 21.5213670730116 -15.534061676481752 -4.7123721637448783 -1.2984094831714363e-17 1 -6.1085361739005872e-17 
Polygon3D 0
PolygonOnTriangulations 14
5 1 3 4 5 2 
p 7.04089841379229 1 -1.39752988612249e-15 17.0990119500227 34.1980239000454 51.2970358500682 68.3960478000909 
5 1 2 3 4 5 
p 8.21031639005962 1 -1.39752988612249e-15 17.0990119500227 34.1980239000454 51.2970358500682 68.3960478000909 
29 1 3 4 5 6 7 8 9 10 11 12 13 14 15 16 17 18 19 20 21 22 23 24 25 26 27 28 29 2 
p 4.49192765121343 1 4.71238898038469 4.82870708973958 4.94502519909447 5.06134330844936 5.17766141780425 5.29397952715914 5.41029763651403 5.52661574586891 5.6429338552238 5.75925196457869 5.87557007393358 5.99188818328847 6.10820629264336 6.22452440199825 6.34084251135314 6.45716062070803 6.57347873006292 6.68979683941781 6.8061149487727 6.92243305812759 7.03875116748248 7.15506927683736 7.27138738619225 7.38770549554714 7.50402360490203 7.62034171425692 7.73665982361181 7.79532072879315 7.85398163397448 
25 1 3 4 5 6 7 8 9 10 11 12 13 14 15 16 17 18 19 20 21 22 23 24 25 2 
p 4.49192765121343 1 0 0.130899693899575 0.261799387799149 0.392699081698724 0.523598775598299 0.654498469497873 0.785398163397448 0.916297857297023 1.0471975511966 1.17809724509617 1.30899693899575 1.43989663289532 1.5707963267949 1.70169602069447 1.83259571459405 1.96349540849362 2.0943951023932 2.22529479629277 2.35619449019234 2.48709418409192 2.61799387799149 2.74889357189107 2.87979326579064 3.01069295969022 3.14159265358979 
5 6 38 39 40 23 
p 7.04089841379229 1 -1.39752988612249e-15 17.0990119500227 34.1980239000454 51.2970358500682 68.3960478000909 
5 1 2 3 4 5 
p 8.21031639005962 1 -1.39752988612249e-15 17.0990119500227 34.1980239000454 51.2970358500682 68.3960478000909 
2 30 1 
p 4.49192765121343 1 202.2184809023 222.9684809023 
2 26 1 
p 4.49192765121343 1 15.5340616764818 36.2840616764817 
2 6 7 
p 6.80213672730116 1 1.40578325105603e-15 68.3960478000909 
2 6 7 
p 8.23297303589932 1 1.40578325105603e-15 68.3960478000909 
2 30 2 
p 4.49192765121343 1 -199.7815190977 -179.0315190977 
2 6 1 
p 6.80213672730116 1 -199.7815190977 -179.0315190977 
2 26 2 
p 4.49192765121343 1 15.5340616764818 36.2840616764817 
2 7 5 
p 6.80213672730116 1 15.5340616764818 36.2840616764817 
Surfaces 8
2 -46.5 0 2.4369618046001582 0.99452189506366773 0 -0.10452846616578244 3.1238896847021187e-18 -1 2.972182414187957e-17 -0.10452846616578244 -2.988554026754416e-17 -0.99452189506366773 20.749999999999996
2 -46.5 0 2.4369618046001582 0.99452189506366773 0 -0.10452846616578244 3.1238896847021187e-18 -1 2.972182414187957e-17 -0.10452846616578244 -2.988554026754416e-17 -0.99452189506366773 20.749999999999996
1 -0.2547318795394572 -2.4369618046001591 -2.4236118721087228 0.10452846616578243 0 0.99452189506366784 -0.10395584825929241 -0.99452189506366773 0.010926200238971184 0.98907379976102894 -0.10452846616578246 -0.10395584825929241 
1 -0.2547318795394572 -2.4369618046001591 -2.4236118721087228 0.10452846616578243 0 0.99452189506366784 -0.10395584825929241 -0.99452189506366773 0.010926200238971184 0.98907379976102894 -0.10452846616578246 -0.10395584825929241 
1 -44.707090867428775 402 36.647705078125 0.99862953467831794 0 -0.052335957697993332 -0.052335957697993332 0 -0.99862953467831794 0 1 0 
1 21.521367073011604 0 -4.7123721637448819 -0.99452189506366773 0 0.10452846616578244 -7.0286757110719385e-18 1 -6.6873380471084348e-17 -0.10452846616578244 -6.7241737766671512e-17 -0.99452189506366773 
1 0 0 0 0 1 0 0 0 1 1 0 0 
1 21.521367073011604 0 -4.7123721637448819 -0.99452189506366773 0 0.10452846616578244 -7.0286757110719385e-18 1 -6.6873380471084348e-17 -0.10452846616578244 -6.7241737766671512e-17 -0.99452189506366773 
Triangulations 5
40 38 1 7.04089841379229
-46.5 -20.75 2.43696180460016 21.5213670730116 -20.75 -4.71237216374488 -29.4946582317471 -20.75 0.6496283125139 -12.4893164634942 -20.75 -1.13770517957236 4.5160253047587 -20.75 -2.92503867165862 -46.5 20.75 2.43696180460016 -46.7062862740059 -20.3732426164191 -1.4992146767744 -46.9050814755431 -19.2566520199975 -5.29245298442024 -47.0891665626839 -17.4407760422185 -8.8050055964012 -47.2518566760752 -14.991556339207 -11.9093178012204 -47.3872438926853 -11.9979337887578 -14.4926597151085 -47.4904117659116 -8.56861869444074 -16.4612199510418 -47.5576138612495 -4.82814308347591 -17.7435122821373 -47.5864098041823 -0.912338455095682 -18.2929715899709 -47.5757538998552 3.03659679972138 -18.0896448286435 -47.5260331064017 6.87526118559837 -17.1409155989848 -47.4390529829593 10.4642575795986 -15.4812360207341 -47.3179721226588 13.6732552934246 -13.1708756394801 -47.1671874515847 16.3857228974305 -10.2937328005116 -46.9921745589571 18.5031599388418 -6.95428796726938 -46.799288856778 19.9486738837194 -3.27380962148693 -46.6511104402216 20.5486919667308 -0.446397079828134 21.5213670730116 20.75 -4.71237216374488 21.070413752625 -20.2965627152265 -9.00290628547274 20.6391692562533 -18.956068246084 -13.1059234778142 20.2464810377289 -16.7871026332802 -16.8421022010029 19.9095114565282 -13.8844600819463 -20.048153516661 19.6429877003092 -10.375 -22.5839575979532 19.4585581361415 -6.41210263328016 -24.3386876383889 19.3642832209706 -2.16896561280381 -25.2356535150722 19.3642832209706 2.16896561280381 -25.2356535150722 19.4585581361415 6.41210263328016 -24.3386876383889 19.6429877003092 10.375 -22.5839575979532 19.9095114565282 13.8844600819463 -20.048153516661 20.2464810377289 16.7871026332802 -16.8421022010029 20.6391692562533 18.956068246084 -13.1059234778142 21.070413752625 20.2965627152265 -9.00290628547275 -29.4946582317471 20.75 0.649628312513898 -12.4893164634942 20.75 -1.13770517957236 4.5160253047587 20.75 -2.92503867165862 0 -1.39752988612249e-15 0 68.3960478000909 0 17.0990119500227 0 34.1980239000454 0 51.2970358500682 3.14159265358979 -4.35762537165374e-15 0.190851754229088 0.206286274543457 0.381703508059839 0.405081474248375 0.572555261724885 0.589166565885409 0.763407015330559 0.751856676985034 0.954258768919121 0.887243890017003 1.14511052250408 0.990411767142823 1.33596227608843 1.05761386231166 1.52681402967263 1.08640980359699 1.71766578325678 1.07575389888427 1.90851753684056 1.02603310882944 2.09936929042489 0.939052981520585 2.29022104401124 0.817972121119019 2.48107279760628 0.667187454814498 2.67192455123574 0.492174559828084 2.86277630497088 0.299288855328182 3.00218447915112 0.151110441790453 3.14159265358979 68.3960478000909 0.20943951023932 68.3960478000909 0.418879020478639 68.3960478000909 0.628318530717959 68.3960478000909 0.837758040957278 68.3960478000909 1.0471975511966 68.3960478000909 1.25663706143592 68.3960478000909 1.46607657167524 68.3960478000909 1.67551608191456 68.3960478000909 1.88495559215388 68.3960478000909 2.0943951023932 68.3960478000909 2.30383461263252 68.3960478000909 2.51327412287183 68.3960478000909 2.72271363311115 68.3960478000909 2.93215314335047 68.3960478000909 3.14159265358979 17.0990119500227 3.14159265358979 34.1980239000454 3.14159265358979 51.2970358500682 1 7 3 8 24 7 7 4 3 9 25 8 26 9 10 29 12 13 28 11 12 27 10 11 30 13 14 4 7 5 2 5 7 7 24 2 25 24 8 25 9 26 27 11 28 28 12 29 10 27 26 13 30 29 14 31 30 34 18 19 33 16 17 32 15 16 17 18 33 22 6 38 36 20 21 22 37 21 19 20 35 39 22 38 31 15 32 33 18 34 34 19 35 16 33 32 23 22 40 36 21 37 37 22 23 36 35 20 22 39 40 15 31 14 
8 7 1 7.15418164299077
-46.5 -20.75 2.43696180460016 -29.4946582317471 -20.75 0.6496283125139 -12.4893164634942 -20.75 -1.13770517957236 4.5160253047587 -20.75 -2.92503867165862 21.5213670730116 -20.75 -4.71237216374488 -46.5 0 2.43696180460016 21.5213670730116 -1.33226762955019e-15 -4.71237216374488 -12.4893164634942 -10.375 -1.13770517957236 -18.1993675179709 -48.66896567294 -19.9867010100572 -31.6636239046871 -21.7740345021435 -14.6582821364342 -23.5613679942297 2.34705963181872 -25.348701486316 19.3524014000716 2.43696180460014 -46.5 -4.71237216374488 21.5213670730116 -11.4558698408579 -13.5737992999642 8 4 3 7 5 4 3 2 8 6 8 2 8 7 4 7 8 6 6 2 1 
31 30 1 4.49192765121343
-46.5 -20.75 2.43696180460016 -46.5 20.75 2.43696180460016 -46.6262064166223 -20.6097854586615 0.0287999852980789 -46.7507071971173 -20.1910367857403 -2.34681635882692 -46.8718197564408 -19.4994132249096 -4.65778159345312 -46.9879073001874 -18.5442618296981 -6.87286382167235 -47.0974009453016 -17.3384911412904 -8.96212697228879 -47.1988209229902 -15.898396734051 -10.8973353754808 -47.2907965772865 -14.2434409864664 -12.6523353581258 -47.3720848889924 -12.3959900538216 -14.2034087016582 -47.4415872746531 -10.3810115973375 -15.5295931856016 -47.4983644335335 -8.22573735485344 -16.6129658847368 -47.541649041943 -5.9592951132964 -17.4388853912464 -47.5708561233498 -3.6123150567021 -17.9961896882832 -47.5855909541374 -1.21651580985763 -18.2773470007732 -47.5856543981572 1.19572422795649 -18.2785575847533 -47.5710455979852 3.59180446584867 -17.9998050795992 -47.5419619865097 5.93934270704143 -17.4448567291335 -47.4987966186939 8.20661278307565 -16.621212468626 -47.4421328595739 10.3629733220186 -15.54000356576 -47.3727365002819 12.3792818560219 -14.2158421853941 -47.2915454086433 14.2282886717078 -12.6666239112009 -47.199656854217 15.8850050806338 -10.913285893036 -47.0983126790767 17.3270411327847 -8.97952388858869 -46.9888825147437 18.5349082090141 -6.89147202340234 -46.8728452720904 19.4922824029998 -4.67734959719432 -46.7517691543705 20.1862251331998 -2.36707970976783 -46.6272904634936 20.6073580033124 0.00811513934620267 -46.5637548938347 20.7143088053733 1.22044599474252 -46.5 0 2.43696180460016 -47.0428271990786 0 -7.92079789007655 34.2576922527581 -422.75 34.2576922527581 -381.25 36.6691589034794 -422.609785458662 39.0480354153685 -422.19103678574 41.3621720940625 -421.49941322491 43.580294181682 -420.544261829698 45.6724245243816 -419.33849114129 47.6102887032289 -417.898396734051 49.3676971532105 -416.243440986466 50.9208991061571 -414.395990053822 52.2489035741709 -412.381011597338 53.3337630355769 -410.225737354853 54.160815989479 -407.959295113296 54.7188851008801 -405.612315056702 55.0004282585041 -403.216515809858 55.0016405038244 -400.804275772044 54.7225054537642 -398.408195534151 54.1667955221082 -396.060657292959 53.3420209366331 -393.793387216924 52.2593282409737 -391.637026677981 50.9333496529355 -389.620718143978 49.3820053151254 -387.771711328292 47.6262611104142 -386.114994919366 45.6898453152713 -384.672958867215 43.5989279203046 -383.465091790986 41.3817669518768 -382.507717597 39.0683265746395 -381.8137748668 36.6898721361984 -381.392641996688 35.4758775433118 -381.285691194627 34.2576922527581 -402 44.6296663782912 -402 1 3 30 30 3 4 6 30 5 6 31 30 5 30 4 31 6 7 27 28 30 28 29 30 29 2 30 31 24 25 23 24 31 26 30 25 26 27 30 31 25 30 31 7 8 9 10 31 11 31 10 31 11 12 14 31 13 31 14 15 31 12 13 16 31 15 21 31 20 22 31 21 23 31 22 18 31 17 31 18 19 20 31 19 31 16 17 9 31 8 
27 26 1 4.49192765121343
21.5213670730116 -20.75 -4.71237216374488 21.5213670730116 20.75 -4.71237216374488 21.2382602426667 -20.5724808735066 -7.40595365161908 20.9599974486811 -20.0429608954982 -10.0534472134339 20.6913398446089 -19.1705002996092 -12.6095535003227 20.4368842365416 -17.9700271285271 -15.0305368250304 20.2009844304818 -16.4620818110431 -17.2749734916478 19.9876767375149 -14.6724657096209 -19.3044605665337 19.8006109114076 -12.631799651931 -21.0842729631566 19.6429877003092 -10.375 -22.5839575979532 19.5175040810628 -7.94068122157561 -23.7778544510308 19.4263071131844 -5.37049518587731 -24.6455356162227 19.3709572020791 -2.70841848856607 -25.1721548282257 19.3524014000716 2.82490132453541e-15 -25.348701486316 19.3709572020791 2.70841848856607 -25.1721548282257 19.4263071131844 5.37049518587731 -24.6455356162227 19.5175040810628 7.94068122157562 -23.7778544510308 19.6429877003092 10.375 -22.5839575979532 19.8006109114076 12.631799651931 -21.0842729631566 19.9876767375149 14.6724657096209 -19.3044605665337 20.2009844304818 16.4620818110431 -17.2749734916478 20.4368842365416 17.9700271285271 -15.0305368250304 20.6913398446089 19.1705002996092 -12.6095535003228 20.9599974486811 20.0429608954982 -10.0534472134339 21.2382602426667 20.5724808735066 -7.4059536516191 21.5213670730116 -1.33226762955019e-15 -4.71237216374488 20.4368842365416 -6.97633029329217e-16 -15.0305368250304 -20.75 8.88178419700125e-16 20.75 1.65296368853063e-15 -20.5724808735066 2.70841848856607 -20.0429608954982 5.37049518587731 -19.1705002996092 7.94068122157561 -17.9700271285271 10.375 -16.4620818110431 12.6317996519309 -14.6724657096209 14.6724657096209 -12.631799651931 16.4620818110431 -10.375 17.9700271285271 -7.94068122157561 19.1705002996092 -5.3704951858773 20.0429608954982 -2.70841848856607 20.5724808735066 3.5527136788005e-15 20.75 2.70841848856607 20.5724808735066 5.37049518587731 20.0429608954982 7.94068122157562 19.1705002996092 10.375 17.9700271285271 12.631799651931 16.4620818110431 14.6724657096209 14.6724657096209 16.4620818110431 12.631799651931 17.9700271285271 10.375 19.1705002996092 7.94068122157562 20.0429608954982 5.37049518587732 20.5724808735066 2.70841848856609 -3.5527136788005e-15 5.23837983949458e-16 0 10.375 3 26 4 26 3 1 5 26 6 26 5 4 7 6 27 7 27 8 8 27 9 11 10 27 12 11 27 10 9 27 13 12 27 6 26 27 27 22 21 27 26 22 27 21 20 23 26 24 26 23 22 25 24 26 26 2 25 27 15 14 27 16 15 19 18 27 16 27 17 27 18 17 19 27 20 27 14 13 
8 7 1 7.51189072014031
-46.5 20.75 2.43696180460016 -29.4946582317471 20.75 0.649628312513898 -12.4893164634942 20.75 -1.13770517957236 4.5160253047587 20.75 -2.92503867165862 21.5213670730116 20.75 -4.71237216374488 -46.5 0 2.43696180460016 21.5213670730116 -1.33226762955019e-15 -4.71237216374488 -12.4893164634942 10.375 -1.13770517957236 -18.1993675179709 -48.66896567294 -19.9867010100572 -31.6636239046871 -21.7740345021435 -14.6582821364342 -23.5613679942297 2.34705963181872 -25.348701486316 19.3524014000716 2.43696180460014 -46.5 -4.71237216374488 21.5213670730116 -11.4558698408579 -13.5737992999642 8 4 3 7 5 4 3 2 8 6 8 2 8 7 4 7 8 6 6 2 1 

TShapes 27
Ve
1e-07
-46.5 -20.75 2.43696180460016
0 0

0101100
*
Ve
1e-07
19.3524014000716 0 -25.348701486316
0 0

0101100
*
Ed
 1e-07 1 1 0
1  1 0 -1.39752988612249e-15 68.3960478000909
2  1 2 5 -1.39752988612249e-15 68.3960478000909
2  2 2 7 -1.39752988612249e-15 68.3960478000909
2  3 3 7 -1.39752988612249e-15 68.3960478000909
2  4 1 8 -1.39752988612249e-15 68.3960478000909
2  5 1 10 -1.39752988612249e-15 68.3960478000909
2  6 4 10 -1.39752988612249e-15 68.3960478000909
6  1 1 8
6  2 2 8
0

0101000
+27 8 -26 0 *
Ve
1e-07
-46.5 20.75 2.43696180460016
0 0

0101100
*
Ed
 6.10629915773919e-08 1 1 0
1  2 0 4.71238898038469 7.85398163397448
2  7 1 0 4.71238898038469 7.85398163397448
2  8 5 0 4.71238898038469 7.85398163397448
6  3 3 0
0

0101000
+27 0 -24 0 *
Ed
 1e-07 1 1 0
1  3 0 0 3.14159265358979
2  9 6 0 0 3.14159265358979
2  10 1 0 0 3.14159265358979
6  4 4 0
0

0101100
+26 3 -26 11 *
Ed
 1e-07 1 1 0
1  1 0 -1.39752988612249e-15 68.3960478000909
2  1 2 5 -1.39752988612249e-15 68.3960478000909
2  2 2 7 -1.39752988612249e-15 68.3960478000909
2  3 3 7 -1.39752988612249e-15 68.3960478000909
2  4 1 8 -1.39752988612249e-15 68.3960478000909
2  5 1 10 -1.39752988612249e-15 68.3960478000909
2  6 4 10 -1.39752988612249e-15 68.3960478000909
6  5 1 10
6  6 5 10
0

0101000
+24 10 -26 0 *
Wi

0101100
-25 3 +23 0 -22 0 +21 11 *
Fa
0  1e-07 1 0
2  1
0101000
+20 0 *
Ve
1e-07
-46.5 0 2.43696180460016
20.75 1 5 13
0 0

0101100
*
Ed
 1e-08 1 1 0
1  4 0 202.2184809023 222.9684809023
2  11 7 2 202.2184809023 222.9684809023
2  12 5 0 202.2184809023 222.9684809023
6  7 3 0
0

0101000
+18 0 -27 0 *
Ve
1e-07
21.5213670730116 0 -4.71237216374488
20.75 1 7 14
0 0

0101100
*
Ed
 1e-07 1 1 0
1  6 0 15.5340616764818 36.2840616764817
2  13 8 5 15.5340616764818 36.2840616764817
2  14 6 8 15.5340616764818 36.2840616764817
6  8 4 8
0

0101000
+16 0 -26 0 *
Ed
 1e-07 1 1 0
1  8 0 1.40578325105603e-15 68.3960478000909
2  15 3 5 1.40578325105603e-15 68.3960478000909
2  16 4 8 1.40578325105603e-15 68.3960478000909
6  9 2 8
6  10 5 8
0

0101000
+18 8 -16 0 *
Wi

0101100
-25 3 -17 0 +15 3 +14 3 *
Fa
0  1e-07 7 2
2  2
0101000
+13 0 *
Ed
 1e-08 1 1 0
1  9 0 -199.7815190977 -179.0315190977
2  17 4 0 -199.7815190977 -179.0315190977
2  18 5 0 -199.7815190977 -179.0315190977
6  11 3 0
6  12 5 0
0

0101000
+18 0 -24 0 *
Wi

0101100
+23 0 +17 0 -11 0 *
Fa
0  1e-07 5 0
2  3
0101000
+10 0 *
Ed
 1e-07 1 1 0
1  10 0 15.5340616764818 36.2840616764817
2  19 6 0 15.5340616764818 36.2840616764817
2  20 4 0 15.5340616764818 36.2840616764817
6  13 4 0
6  14 5 0
0

0101000
+16 3 -26 11 *
Wi

0101000
-22 0 -15 3 +8 0 *
Fa
0  1e-07 6 0
2  4
0101000
+7 0 *
Wi

0101100
-21 11 -11 0 +8 0 +14 3 *
Fa
0  1e-07 4 0
2  5
0101000
+5 0 *
Sh

0101100
+19 0 -12 0 -9 0 -6 0 +4 0 *
So

0100000
+3 0 *
Co

0100000
+2 0 *

+1 0 