DBRep_DrawableShape

CASCADE Topology V1, (c) Matra-Datavision
Locations 10
1
              1               0               0               0 
              0               1               0               0 
              0               0               1               0 
1
0.819152045934778               0 -0.57357643400062               0 
              0               1               0               0 
0.57357643400062               0 0.819152045934778               0 
2  2 -1 0
1
              1               0               0               0 
              0               1               0               0 
              0               0               1               0 
1
0.342020148718266               0 0.939692618823163               0 
              0               1               0               0 
-0.939692618823163               0 0.342020148718266               0 
2  5 -1 0
1
0.342020148718266               0 0.939692618823163               0 
              0               1               0               0 
-0.939692618823163               0 0.342020148718266               0 
2  7 -1 2 -1 0
2  4 -1 0
2  2 -1 4 -1 0
Curve2ds 31
1 0 0 0 1 
1 0 0 0 1 
1 6.2831853071795898 0 0 1 
1 0 0 0 1 
1 6.2831853071795898 0 0 1 
1 0 0 0 1 
2 17.9084167817104 -0.97473179911406804 1 0 0 1 10
1 0 0 0 1 
1 1.22173047065735 5.5511151231257802e-17 0 1 
2 17.9084167817104 -0.97473179911406804 1 0 0 1 10
1 0 0 0 1 
1 1.22173047065735 1.11022302462516e-16 0 1 
2 17.9084167817104 -0.97473179911406804 1 0 0 1 10
1 6.2831853071795898 0 0 1 
1 0 0 0 1 
1 6.2831853071795898 0 0 1 
1 0 0 0 1 
1 0 0 0 1 
1 1.22173047065735 0 0 1 
1 28 0 0.25881905213951401 -0.96592582440351205 
1 0 0 0 1 
1 1.22173047065735 0 0 1 
1 28 0 0.25881905213951401 -0.96592582440351205 
1 6.2831853071795898 0 0 1 
1 0 0 0 1 
1 6.2831853071795898 0 0 1 
1 0 0 0 1 
1 0 0 -1 0 
1 0 0 -1 0 
1 0 0 0 1 
1 0 0 0 1 
Curves 5
2 0 165 0 1 0 0 0 0 1 0 -1 0 175
2 0 0.97473179911406804 17.9084167817104 1 0 0 0 0 1 0 -1 0 10
1 0 0 28 0 0.96592582440351205 0.25881905213951401 
1 0 0 0 0 0 1 
1 0 0 0 0 -1 0 
Polygon3D 0
PolygonOnTriangulations 0
Surfaces 18
1 0 0 0 1 0 0 0 0 1 0 -1 0 
4 0 165 0 0 -1 0 0 0 1 1 0 0 175
4 0 165 0 0 -1 0 -0.57357643400061997 0 0.81915204593477797 0.81915204593477797 0 0.57357643400061997 175
4 0 165 0 0 -1 0 0 0 1 1 0 0 175
4 0 165 0 0 -1 0 0 0 1 1 0 0 175
1 0 0 0 1 0 0 0 0 1 0 -1 0 
5 0 0.97473179911406804 0 0 -1 0 0 0 1 1 0 0 17.9084167817104 10
1 0 0 0 0.34202014871826603 0 -0.93969261882316302 0.93969261882316302 0 0.34202014871826603 0 -1 0 
5 0 0.97473179911406804 0 0 -1 0 -0.57357643400061997 0 0.81915204593477797 0.81915204593477797 0 0.57357643400061997 17.9084167817104 10
1 0 0 0 0.81915204593477797 0 -0.57357643400061997 0.57357643400061997 0 0.81915204593477797 0 -1 0 
5 0 0.97473179911406804 0 0 -1 0 0 0 1 1 0 0 17.9084167817104 10
5 0 0.97473179911406804 0 0 -1 0 0 0 1 1 0 0 17.9084167817104 10
3 0 0 0 0 1 0 0 0 1 1 0 0 28
0.26179939508438099
3 0 0 0 0 1 0 -0.57357643400061997 0 0.81915204593477797 0.81915204593477797 0 0.57357643400061997 28
0.26179939508438099
3 0 0 0 0 1 0 0 0 1 1 0 0 28
0.26179939508438099
3 0 0 0 0 1 0 0 0 1 1 0 0 28
0.26179939508438099
1 0 0 0 0 1 0 0 0 -1 1 0 0 
1 0 0 0 0 1 0 0.57357643400061997 0 -0.81915204593477797 0.81915204593477797 0 0.57357643400061997 
Triangulations 0

TShapes 12
Ve
1e-07
0 -8.96619354639417 18.9937753745413
0 0

0101100
*
Ve
1e-07
0 -10 1.07153055959458e-14
0 0

0101100
*
Ed
 1e-07 1 1 0
1  1 0 1.46204623725686 1.5707963267949
2  1 2 0 1.46204623725686 1.5707963267949
2  2 3 3 1.46204623725686 1.5707963267949
3  3 4CN 4 0 1.46204623725686 1.5707963267949
3  5 6CN 5 0 1.46204623725686 1.5707963267949
0

0101000
+12 0 -11 4 *
Ve
1e-07
0 -1.61345872228107 27.5676750257455
0 0

0101100
*
Ed
 1e-07 1 1 0
2  7 6 0 0.261799395084381 1.46204623725686
1  2 0 0.261799395084381 1.46204623725686
2  8 7 0 0.261799395084381 1.46204623725686
2  9 7 6 0.261799395084381 1.46204623725686
2  10 8 6 0.261799395084381 1.46204623725686
2  11 9 3 0.261799395084381 1.46204623725686
2  12 9 8 0.261799395084381 1.46204623725686
2  13 10 8 0.261799395084381 1.46204623725686
3  14 15CN 11 0 0.261799395084381 1.46204623725686
3  16 17CN 12 0 0.261799395084381 1.46204623725686
0

0101000
+9 0 -12 0 *
Ve
1e-07
0 0 28
0 0

0101100
*
Ed
 1e-07 1 1 0
1  3 0 -1.67037538651318 0
2  18 13 0 -1.67037538651318 0
2  19 13 6 -1.67037538651318 0
2  20 8 6 -1.67037538651318 0
2  21 14 3 -1.67037538651318 0
2  22 14 8 -1.67037538651318 0
2  23 10 8 -1.67037538651318 0
3  24 25CN 15 0 -1.67037538651318 0
3  26 27CN 16 0 -1.67037538651318 0
0

0101000
+9 0 -7 4 *
Ve
1e-07
0 0 0
0 0

0101100
*
Ed
 1e-07 1 1 0
1  4 0 0 28
2  28 17 9 0 28
2  29 18 10 0 28
0

0101000
+5 0 -7 0 *
Ed
 1e-07 1 1 0
1  5 0 0 10
2  30 8 9 0 10
2  31 10 10 0 10
0

0101000
+5 0 -11 0 *
Wi

0101100
+10 0 +8 0 -6 0 +4 4 -3 4 *
Fa
0  1e-07 1 0

0101000
+2 0 *

+1 1 