DBRep_DrawableShape

CASCADE Topology V1, (c) Matra-Datavision
Locations 2
1
              1               0               0 30.9096239644901 
              0               1               0 8.28220894739971 
              0               0               1               0 
2  1 -1 0
Curve2ds 0
Curves 8
1 9.549314498901 12.15672016144 48 0.965925824978405 0.258819049993984 0 
1 9.549314498901 12.15672016144 4 0.965925824978405 0.258819049993984 0 
1 9.549314498901 12.15672016144 48 0 0 -1 
1 14.20805740356 -5.229944705963 4 0.965925824978405 0.258819049993984 0 
1 9.549314498901 12.15672016144 4 0.258819049993985 -0.965925824978405 0 
1 14.20805740356 -5.229944705963 48 0.965925824978405 0.258819049993984 0 
1 14.20805740356 -5.229944705963 4 0 0 1 
1 14.20805740356 -5.229944705963 48 -0.258819049993985 0.965925824978405 0 
Polygon3D 0
PolygonOnTriangulations 20
2 1 2 
p 0.450736144 1 0 31.99999747929 
2 3 4 
p 0.450736144 1 0 31.99999747929 
2 3 4 
p 0.450736144 1 0 31.99999747929 
2 1 2 
p 0.450736144 1 0 31.99999747929 
2 1 3 
p 0.450736144 1 0 44 
2 2 4 
p 0.450736144 1 0 44 
2 1 2 
p 0.450736144 1 0 44 
2 3 4 
p 0.450736144 1 0 31.99999747929 
2 1 2 
p 0.450736144 1 0 31.99999747929 
2 1 3 
p 0.450736144 1 0 18.0000000184193 
2 2 4 
p 0.450736144 1 0 18.0000000184193 
2 2 3 
p 0.450736144 1 0 18.0000000184193 
2 3 4 
p 0.450736144 1 0 31.99999747929 
2 1 2 
p 0.450736144 1 0 31.99999747929 
2 1 3 
p 0.450736144 1 0 44 
2 2 4 
p 0.450736144 1 0 44 
2 3 4 
p 0.450736144 1 0 44 
2 1 3 
p 0.450736144 1 0 18.0000000184193 
2 2 4 
p 0.450736144 1 0 18.0000000184193 
2 4 1 
p 0.450736144 1 0 18.0000000184193 
Surfaces 5
1 9.549314498901 12.15672016144 48 -0.258819049993984 0.965925824978405 0 0 0 -1 -0.965925824978405 -0.258819049993984 -0 
1 9.549314498901 12.15672016144 4 0 0 -1 0.258819049993985 -0.965925824978405 0 -0.965925824978405 -0.258819049993985 -0 
1 14.20805740356 -5.229944705963 4 0.258819049993984 -0.965925824978405 0 0 0 1 -0.965925824978405 -0.258819049993984 0 
1 14.20805740356 -5.229944705963 48 0 -0 1 -0.258819049993985 0.965925824978405 0 -0.965925824978405 -0.258819049993985 0 
1 11.8786859512305 3.4633877277385 26 0.965925824978405 0.258819049993984 0 -0.258819049993984 0.965925824978405 0 0 -0 1 
Triangulations 5
4 2 1 0.450736144
9.549314498901 12.15672016144 48 40.4589384633911 20.4389291088397 48 9.549314498901 12.15672016144 4 40.4589384633911 20.4389291088397 4 0 0 0 -31.99999747929 44 0 44 -31.99999747929 1 2 4 4 3 1 
4 2 1 0.450736144
14.20805740356 -5.229944705963 48 45.1176813680501 3.05226424143671 48 9.549314498901 12.15672016144 48 40.4589384633911 20.4389291088397 48 0 0 -2.8421709430404e-14 -31.99999747929 18.0000000184193 0 18.0000000184193 -31.99999747929 1 2 4 4 3 1 
4 2 1 0.450736144
9.549314498901 12.15672016144 4 40.4589384633911 20.4389291088397 4 14.20805740356 -5.229944705963 4 45.1176813680501 3.05226424143671 4 0 0 2.8421709430404e-14 -31.99999747929 18.0000000184193 0 18.0000000184194 -31.99999747929 1 2 3 4 3 2 
4 2 1 0.450736144
9.549314498901 12.15672016144 48 9.549314498901 12.15672016144 4 14.20805740356 -5.229944705963 4 14.20805740356 -5.229944705963 48 9.00000000920967 22 9.00000000920967 -22 -9.00000000920967 -22 -9.00000000920967 22 4 3 2 2 1 4 
4 2 1 0.450736144
14.20805740356 -5.229944705963 4 45.1176813680501 3.05226424143671 4 14.20805740356 -5.229944705963 48 45.1176813680501 3.05226424143671 48 0 0 0 -31.99999747929 44 0 44 -31.99999747929 1 2 4 4 3 1 

TShapes 24
Ve
0.003
9.549314498901 12.15672016144 48
0 0

0101100
*
Ed
 0.003 1 1 0
1  1 0 0 31.99999747929
6  1 1 0
6  2 2 0
0

0101000
+24 0 -24 1 *
Ve
0.003
9.549314498901 12.15672016144 4
0 0

0101100
*
Ed
 0.003 1 1 0
1  2 0 0 31.99999747929
6  3 1 0
6  4 3 0
0

0101000
+22 0 -22 1 *
Ed
 0.003 1 1 0
1  3 0 0 44
6  5 1 0
6  6 1 2
6  7 4 0
0

0101000
+24 0 -22 0 *
Wi

0101000
+23 0 -21 0 -20 0 +20 1 *
Fa
0  0.003 1 0
2  1
0111000
+19 0 *
Ve
0.003
14.20805740356 -5.229944705963 4
0 0

0101100
*
Ed
 0.003 1 1 0
1  4 0 0 31.99999747929
6  8 3 0
6  9 5 0
0

0101000
+17 0 -17 1 *
Ed
 0.003 1 1 0
1  5 0 0 18.0000000184193
6  10 3 0
6  11 3 2
6  12 4 0
0

0101000
+22 0 -17 0 *
Wi

0101000
+21 0 -16 0 -15 0 +15 1 *
Fa
0  0.003 2 0
2  3
0111000
+14 0 *
Ve
0.003
14.20805740356 -5.229944705963 48
0 0

0101100
*
Ed
 0.003 1 1 0
1  6 0 0 31.99999747929
6  13 5 0
6  14 2 0
0

0101000
+12 0 -12 1 *
Ed
 0.003 1 1 0
1  7 0 0 44
6  15 5 0
6  16 5 2
6  17 4 0
0

0101000
+17 0 -12 0 *
Wi

0101000
+16 0 -11 0 -10 0 +10 1 *
Fa
0  0.003 3 0
2  5
0101000
+9 0 *
Ed
 0.003 1 1 0
1  8 0 0 18.0000000184193
6  18 2 0
6  19 2 2
6  20 4 0
0

0101000
+12 0 -24 0 *
Wi

0101000
+11 0 -23 0 -7 0 +7 1 *
Fa
0  0.003 4 0
2  2
0111000
+6 0 *
Wi

0101100
+20 0 +15 0 +10 0 +7 0 *
Fa
0  0.003 5 0
2  4
0111100
-4 0 *
Sh

0101000
-18 0 -13 0 -8 0 -5 0 +3 0 -3 1 *
So

0100000
-2 0 *

+1 0 