DBRep_DrawableShape

CASCADE Topology V1, (c) Matra-Datavision
Locations 2
1
              1               0               0               0 
              0               1               0               0 
              0               0               1             792 
2  1 -1 0
Curve2ds 4
1 0 0 1 0 
1 0 -792 1 0 
1 0 0 1 0 
1 0 -792 1 0 
Curves 4
1 39.410538159922467 -41.057810302193822 0 -0.57357644051011547 0.8191520413767801 0 
2 0 0 0 0 -0 1 0.70710678118654757 0.70710678118654746 0 -0.70710678118654746 0.70710678118654757 0 27.5
1 -25.814995271779893 7.4143049102081093 0 -0.81915204137677999 0.57357644051011558 0 
2 0 0 0 0 -0 1 0.70710678118654757 0.70710678118654746 0 -0.70710678118654746 0.70710678118654757 0 22.5
Polygon3D 0
PolygonOnTriangulations 0
Surfaces 3
1 0 0 0 0 0 1 0.70710678118654757 0.70710678118654746 0 -0.70710678118654746 0.70710678118654757 0 
2 0 0 0 -0 0 -1 0.70710678118654757 0.70710678118654746 0 -0.70710678118654746 0.70710678118654757 0 27.5
2 0 0 0 -0 0 -1 0.70710678118654757 0.70710678118654746 0 -0.70710678118654746 0.70710678118654757 0 22.5
Triangulations 0

TShapes 11
Ve
1e-07
22.1107999680722 -16.3512239533284 0
0 0

0101100
*
Ve
1e-07
19.0476259634213 -11.9765581515558 0
0 0

0101100
*
Ed
 1e-07 1 1 0
1  1 0 30.1611728969632 35.5016537610771
0

0101000
+11 0 -10 0 *
Ve
1e-07
16.3512239533284 -22.1107999680722 0
0 0

0101100
*
Ed
 1e-07 1 1 0
1  2 0 4.56374639032699 4.86103157044238
2  1 2 0 4.56374639032699 4.86103157044238
2  2 2 2 4.56374639032699 4.86103157044238
0

0101000
+8 0 -11 0 *
Ve
1e-07
11.9765581515558 -19.0476259634213 0
0 0

0101100
*
Ed
 1e-07 1 1 0
1  3 0 -51.4754491171601 -46.1349682530462
0

0101000
+8 0 -6 0 *
Ed
 1e-07 1 1 0
1  4 0 4.48829588808332 4.93648207268606
2  3 3 0 4.48829588808332 4.93648207268606
2  4 3 2 4.48829588808332 4.93648207268606
0

0101000
+6 0 -10 0 *
Wi

0101100
+9 0 +7 0 -5 0 -4 0 *
Fa
0  1e-07 1 0

0111000
+3 0 *
Co

1100000
-2 0 *

+1 0 
0

