DBRep_DrawableShape

CASCADE Topology V1, (c) Matra-Datavision
Locations 17
1
              1               0               0               0 
              0               1               0             0.5 
              0               0               1               0 
1
              1               0               0               0 
              0               1               0             0.5 
              0               0               1               0 
2  1 1 2 1 0
2  2 -1 1 -1 0
1
              1               0               0               0 
              0 0.999847695156391 0.0174524064372836               0 
              0 -0.0174524064372836 0.999847695156391               0 
2  5 -1 2 -1 1 -1 0
1
              1               0               0               5 
              0               1               0              -2 
              0               0               1              -1 
1
0.999847695156391               0 0.0174524064372836               0 
              0               1               0               0 
-0.0174524064372836               0 0.999847695156391               0 
2  8 -1 0
1
0.999847695156391               0 -0.0174524064372836               0 
              0               1               0               0 
0.0174524064372836               0 0.999847695156391               0 
2  10 -1 2 -1 1 -1 0
1
              1               0               0             0.1 
              0               1               0             0.1 
              0               0               1               0 
1
              1               0               0            -0.1 
              0               1               0            -0.1 
              0               0               1               0 
1
              1               0               0            -0.1 
              0               1               0             0.1 
              0               0               1               0 
2  1 1 2 1 12 1 13 1 14 1 2 -1 1 -1 0
2  1 1 2 1 12 1 13 1 14 1 0
2  1 1 2 1 14 -1 13 -1 12 -1 2 -1 1 -1 0
Curve2ds 276
1 0 0 0 1 
1 1.5707963267948966 0 0 1 
1 0 0 -1 0 
1 0 0 0 1 
1 6.2657320146596431 0 0 1 
1 0 0 -1 0 
1 0 0 1 0 
1 3.1415926535897931 0 0 1 
1 0 0 -1 0 
1 0.90000000000000002 0 0 1 
1 0.8998629256407521 -0.015707165793555203 0.01745240643728356 0.99984769515639127 
1 0 0 -1 0 
1 -0.5 5 -1 0 
1 0.5 -1.8999999999999999 -1 -0 
1 4.8048453108855096 -1.4708710135363803 -0.19611613513818404 -0.98058067569092022 
1 4.7784432709268136 -1.5545031059905448 -0.21319975819759676 -0.9770086300051225 
1 0.23042118533662154 -1.0034470974336747 -0.74329414624716639 -0.66896473162244974 
1 0.2128735244912997 -1.0073156717586857 -0.75485598333695003 -0.65589057351086089 
1 4.8048453108855096 1.4708710135363803 -0.19611613513818404 0.98058067569092022 
1 4.8297837484169275 1.3867908795228452 -0.17897277320418861 0.9838540270038042 
1 1 0 0 1 
1 1.5707963267948966 0 0 1 
1 1 0 0 -1 
1 0.99984769515639127 -0.01745240643728356 -0.01745240643728356 -0.99984769515639127 
1 0 0 0 1 
1 6.2657320146596431 0 0 1 
1 1 0 0 1 
1 0.99984769515639127 -0.01745240643728356 0.01745240643728356 0.99984769515639127 
1 0 0 1 0 
7 0 0  10 20 3  2.5261129449194044 0.78539816339744817  2.6371850196461577 0.78539816331890833  2.7482572120097757 0.77854424402994482  2.8574249238881748 0.76483668946821126  2.9627930267597549 0.7445761485141702  3.0628752958145924 0.71837022424733732  3.1571968154748902 0.68700183811597526  3.2457979447208345 0.65120129960268969  3.3290254822313727 0.61165071134473692  3.4073815141688897 0.56894375964641919  3.5554776119189393 0.4782537915501785  3.6252176939400393 0.43027071071969231  3.6912138703451198 0.38016774280750637  3.7540930299920854 0.32838471838113792  3.814457124309734 0.27528901306661485  3.8728621280940083 0.22119264996529558  3.9298252136911294 0.16637011604604782  3.9858372358593095 0.11107210073125293  4.0413732343509263 0.055536037363375722  4.0969092717143001 8.9912986144509546e-18 
 1.5707963267948966 11 2.3561944901923479 9 3.1415926535897931 11
1 0 -3.1415926535897931 0 1 
1 0 0 0 1 
1 6.2657320146596431 0 0 1 
1 0 -3.1415926535897931 0 1 
1 -1.1102230246251565e-16 5 1 0 
2 1 -2 1 0 -0 1 0.10000000000000001
1 0 0 0 1 
1 6.2657320146596431 0 0 1 
1 0 0 0 1 
1 6.2657320146596431 0 0 1 
1 0 0 0 1 
1 6.2657320146596431 0 0 1 
1 0 0 1 0 
1 3.1415926535897931 0 0 1 
1 0.10000000000000001 0 0 1 
1 0.09998476951563913 -0.0017452406437283561 0.01745240643728356 0.99984769515639127 
1 0 0 0 1 
1 6.2657320146596431 0 0 1 
1 0.10000000000000001 0 0 -1 
1 0.09998476951563913 -0.0017452406437283561 -0.01745240643728356 -0.99984769515639127 
1 0 1 1 0 
1 3.1415926535897931 0 0 1 
1 0.10000000000000001 0 0 1 
1 0.09998476951563913 -0.0017452406437283561 0.01745240643728356 0.99984769515639127 
1 0 0 0 1 
1 6.2657320146596431 0 0 1 
1 0.10000000000000001 0 0 -1 
1 0.09998476951563913 -0.0017452406437283561 -0.01745240643728356 -0.99984769515639127 
1 0 0 0 1 
1 3.1415926535897931 0 0 1 
1 0 0 0 1 
1 6.2657320146596431 0 0 1 
1 -1.0049875621120892 0 -0.99503719020998926 0.099503719020998929 
1 -1.004834497638613 -0.01753945139839494 -0.99662222057272498 0.082122770658877561 
1 0 0 0 1 
1 6.2657320146596431 0 0 1 
1 5 -1 0 1 
1 0.90000000000000002 -1 0 -1 
1 0 0 0 1 
1 6.2657320146596431 0 0 1 
1 -0.0099503719020998908 -0.099503719020998915 -0.99503719020998926 0.099503719020998915 
1 -0.008212277065887728 -0.099662222057272515 -0.99662222057272498 0.082122770658877561 
1 0 0 0 1 
1 6.2657320146596431 0 0 1 
1 0 0 0 -1 
1 1.5707963267948966 0 0 1 
1 0 0 0 1 
1 6.2657320146596431 0 0 1 
1 -1 0 -1 0 
1 -0.99984769515639127 -0.01745240643728356 -0.99984769515639127 -0.01745240643728356 
1 0 0 0 1 
1 6.2657320146596431 0 0 1 
1 0 1 1 0 
7 0 0  10 20 3  3.7570723622601823 -0.78539816339744795  3.646000287533429 -0.7853981633189081  3.5349280955233553 -0.77854424407814804  3.4257603817968629 -0.76483668913715519  3.3203922829125077 -0.74457614946004469  3.2203100071637891 -0.71837022290856112  3.1259884928585961 -0.68700183906184975  3.0373873604403343 -0.65120129927527159  2.9541598252690164 -0.6116507113993066  2.8758037930106966 -0.56894375964641886  2.7277076952606469 -0.47825379155017805  2.6579676132395327 -0.43027071071988682  2.5919714368313698 -0.38016774280712168  2.5290922771823721 -0.32838471838133121  2.4687281828646515 -0.27528901306724646  2.4103231790816309 -0.22119264996520088  2.353360093486951 -0.16637011604545093  2.2973480713212537 -0.11107210073151808  2.2418120728286599 -0.055536037363375444  2.1862760354652857 2.432936206747642e-16 
 1.5707963267948966 11 2.3561944901923453 9 3.1415926535897931 11
1 0 0 0 1 
1 6.2657320146596431 0 0 1 
1 0 0 0 1 
1 6.2657320146596431 0 0 1 
1 6.2831853071795862 0 0 1 
1 6.2657320146596431 0 0 1 
1 0 0 1 0 
7 0 0  10 20 3  2.5261129449194044 -0.78539816339744817  2.6371850196461577 -0.78539816331890833  2.7482572120097757 -0.77854424402994482  2.8574249238881748 -0.76483668946821126  2.9627930267597549 -0.7445761485141702  3.0628752958145924 -0.71837022424733732  3.1571968154748902 -0.68700183811597526  3.2457979447208345 -0.65120129960268969  3.3290254822313727 -0.61165071134473692  3.4073815141688897 -0.56894375964641919  3.5554776119189393 -0.4782537915501785  3.6252176939400393 -0.43027071071969231  3.6912138703451198 -0.38016774280750637  3.7540930299920854 -0.32838471838113792  3.814457124309734 -0.27528901306661485  3.8728621280940083 -0.22119264996529558  3.9298252136911294 -0.16637011604604782  3.9858372358593095 -0.11107210073125293  4.0413732343509263 -0.055536037363375722  4.0969092717143001 -8.9912986144509546e-18 
 1.5707963267948966 11 2.3561944901923479 9 3.1415926535897931 11
1 0 0 0 1 
1 6.2657320146596431 0 0 1 
1 0 0 0 1 
1 6.2657320146596431 0 0 1 
1 0 0 0 1 
1 6.2657320146596431 0 0 1 
1 0 0 1 0 
1 3.7570723622601805 -2.3561944901923439 -0 1 
1 0 -1.5707963267948966 0 1 
1 0 3.1415926535897931 0 1 
1 6.2657320146596431 3.1415926535897931 0 1 
1 0 -1.5707963267948966 0 1 
1 0 0 1 0 
1 0 0 1 0 
7 0 0  10 20 3  3.7570723622601823 0.78539816339744872  3.646000287533429 0.78539816331890888  3.534928095574287 0.77854424405450118  3.4257603813603055 0.76483668945729733  3.3203922837856226 0.74457614889252  3.2203100072219968 0.71837022408726625  3.1259884936735034 0.68700183850887697  3.0373873604694381 0.65120129950082628  2.9541598253199481 0.61165071137747873  2.8758037930106966 0.56894375964641997  2.7277076952606469 0.47825379155017905  2.6579676132378354 0.43027071072015238  2.5919714368368876 0.38016774280652493  2.5290922771824933 0.32838471838116068  2.4687281828589924 0.27528901306770115  2.4103231790816304 0.22119264996520466  2.3533600934920451 0.16637011604498675  2.2973480713189902 0.11107210073174803  2.2418120728286599 0.0555360373633755  2.1862760354652857 -6.4623485355705287e-25 
 1.5707963267948966 11 2.3561944901923457 9 3.1415926535897931 11
1 0 -3.1415926535897931 0 1 
1 0 0 0 1 
1 6.2657320146596431 0 0 1 
1 6.2831853071795862 -3.1415926535897931 0 1 
1 0 0 1 0 
1 1.5707963267948966 0 0 1 
1 0.10000000000000001 0 0 -1 
1 0.09998476951563913 -0.0017452406437283561 -0.01745240643728356 -0.99984769515639127 
1 1 0 0 1 
1 0.99984769515639127 -0.01745240643728356 0.01745240643728356 0.99984769515639127 
1 0.10000000000000001 0 0 1 
1 0.09998476951563913 -0.0017452406437283561 0.01745240643728356 0.99984769515639127 
1 1 0 0 -1 
1 1.5707963267948966 0 0 1 
1 0 0 0 1 
1 6.2657320146596431 0 0 1 
1 -1.4142135623730951 0 -0.70710678118654757 -0.70710678118654757 
1 -1.4139981707976488 -0.024681429879653938 -0.69465837045899737 -0.71933980033865119 
1 0 0 0 1 
1 6.2657320146596431 0 0 1 
1 0 -1 1 0 
1 1.5707963267948966 0 0 1 
1 0.10000000000000001 0 0 -1 
1 0.09998476951563913 -0.0017452406437283561 -0.01745240643728356 -0.99984769515639127 
1 2 0 0 1 
1 1.9996953903127825 -0.03490481287456712 0.01745240643728356 0.99984769515639127 
1 0.10000000000000001 0 0 1 
1 0.09998476951563913 -0.0017452406437283561 0.01745240643728356 0.99984769515639127 
1 1.5707963267948966 0 0 1 
1 0 0 1 0 
1 3.1415926535897931 0 0 1 
1 0 0 -1 0 
1 2.1000000000000001 0 0 1 
1 2.0996801598284218 -0.036650053518295478 0.01745240643728356 0.99984769515639127 
1 0 0 -1 0 
1 3.1415926535897931 0 0 1 
1 0 1 1 0 
7 0 0  10 20 3  3.7570723622601814 -0.78539816339744806  3.6460002875334281 -0.78539816331890822  3.5349280954360438 -0.77854424403631128  3.4257603819132783 -0.76483668953369488  3.3203922824468464 -0.74457614867424127  3.220310008560773 -0.71837022427644115  3.1259884923929349 -0.68700183827604633  3.0373873611388262 -0.65120129949355032  2.9541598252981203 -0.61165071132836601  2.8758037930106948 -0.56894375964641863  2.7277076952606438 -0.47825379155017772  2.6579676132374104 -0.43027071072008116  2.5919714368340223 -0.38016774280647186  2.5290922771825231 -0.32838471838122135  2.4687281828624288 -0.27528901306795384  2.410323179083631 -0.22119264996557986  2.3533600934909833 -0.16637011604523871  2.2973480713187073 -0.11107210073173032  2.241812072828659 -0.055536037363375444  2.1862760354652848 2.4329362297536028e-16 
 1.5707963267948966 11 2.3561944901923466 9 3.1415926535897931 11
1 0 0 0 1 
1 6.2657320146596431 0 0 1 
1 0 0 0 1 
1 6.2657320146596431 0 0 1 
1 0 0 0 1 
1 6.2657320146596431 0 0 1 
1 0 1 1 0 
1 0 1 1 0 
1 3.75707236226018 -2.3561944901923439 -0 1 
1 0 0 0 1 
1 6.2657320146596431 0 0 1 
1 0 0 0 1 
1 6.2657320146596431 0 0 1 
1 0 0 0 1 
1 6.2657320146596431 0 0 1 
1 0 0 1 0 
7 0 0  10 20 3  2.1862760354652808 -2.909339072932055e-16  2.2418120728286595 0.0555360373633755  2.2973480713192735 0.11107210073137666  2.3533600934909842 0.16637011604534482  2.4103231790826611 0.22119264996494317  2.4687281828620242 0.27528901306674119  2.5290922771837359 0.32838471838079691  2.5919714368352951 0.38016774280684323  2.6579676132368442 0.43027071071986922  2.7277076952606443 0.47825379155017878  2.8758037930106952 0.56894375964641963  2.9541598252726544 0.61165071138475469  3.037387361517176 0.65120129941351479  3.1259884922183119 0.68700183869805187  3.2203100091428496 0.71837022414547391  3.3203922819229774 0.74457614905259106  3.4257603823207319 0.76483668938453775  3.5349280954651476 0.77854424405995815  3.6460002875334281 0.78539816331890899  3.7570723622601858 0.78539816339744994 
 1.5707963267948966 11 2.3561944901923462 9 3.1415926535897931 11
1 0 3.1415926535897931 0 1 
1 6.2657320146596431 3.1415926535897931 0 1 
1 0 0 0 1 
1 6.2657320146596431 0 0 1 
1 0 3.1415926535897931 0 1 
1 6.2657320146596431 3.1415926535897931 0 1 
1 1 0 0 1 
1 1.5707963267948966 0 0 1 
1 1 0 0 -1 
1 0.99984769515639127 -0.01745240643728356 -0.01745240643728356 -0.99984769515639127 
1 0 0 0 1 
1 6.2657320146596431 0 0 1 
1 1 0 0 1 
1 0.99984769515639127 -0.01745240643728356 0.01745240643728356 0.99984769515639127 
1 -3.1415926535897931 5 1 0 
2 2 -3 1 0 -0 1 0.10000000000000001
1 0 0 0 1 
1 6.2657320146596431 0 0 1 
1 0 0 0 1 
1 6.2657320146596431 0 0 1 
1 0 0 0 1 
1 6.2657320146596431 0 0 1 
1 0 1 1 0 
1 3.1415926535897931 0 0 1 
1 1.1000000000000001 0 0 -1 
1 1.0998324646720306 -0.019197647081011918 -0.01745240643728356 -0.99984769515639127 
1 0 0 0 1 
1 6.2657320146596431 0 0 1 
1 1.1000000000000001 0 0 1 
1 1.0998324646720306 -0.019197647081011918 0.01745240643728356 0.99984769515639127 
1 0 0 0 1 
1 3.1415926535897931 0 0 1 
1 0 0 0 1 
1 6.2657320146596431 0 0 1 
1 -1.4866068747318508 0 -0.67267279399631252 -0.73994007339594381 
1 -1.4863804573042871 -0.025944867390280235 -0.65965660777148361 -0.75156713593891222 
1 0 0 0 1 
1 6.2657320146596431 0 0 1 
1 5 -1 0 1 
1 2.1000000000000001 -1 0 -1 
1 0 0 0 1 
1 6.2657320146596431 0 0 1 
1 -0.8139340807355383 0.73994007339594381 -0.67267279399631252 -0.73994007339594381 
1 -0.82672384953280353 0.72562226854863221 -0.65965660777148361 -0.75156713593891222 
1 0 0 0 1 
1 6.2657320146596431 0 0 1 
1 0 0 1 0 
1 3.1415926535897931 0 0 1 
1 1.1000000000000001 0 0 -1 
1 1.0998324646720306 -0.019197647081011918 -0.01745240643728356 -0.99984769515639127 
1 0 0 0 1 
1 6.2657320146596431 0 0 1 
1 1.1000000000000001 0 0 1 
1 1.0998324646720306 -0.019197647081011918 0.01745240643728356 0.99984769515639127 
1 0 0 0 1 
1 1.5707963267948966 0 0 1 
1 0 0 -1 0 
1 0 0 0 1 
1 6.2657320146596431 0 0 1 
1 0 0 -1 0 
1 -0.5 5 -1 0 
1 0.5 -3.1000000000000001 -1 -0 
1 4.8048453108855096 -1.4708710135363803 -0.19611613513818404 -0.98058067569092022 
1 4.7784432709268136 -1.5545031059905448 -0.21319975819759676 -0.9770086300051225 
1 1.6810402993340801 -1.3542907782358955 -0.42993358039234775 -0.90286051882393037 
1 1.6571486356581522 -1.3834227117321467 -0.44562518815631585 -0.89521963320776665 
1 4.8048453108855096 1.4708710135363803 -0.19611613513818404 0.98058067569092022 
1 4.8297837484169275 1.3867908795228452 -0.17897277320418861 0.9838540270038042 
1 0 1 1 0 
1 3.75707236226018 -2.3561944901923448 -0 1 
1 0 0 0 1 
1 6.2657320146596431 0 0 1 
1 0 0 0 1 
1 6.2657320146596431 0 0 1 
1 0 0 0 1 
1 6.2657320146596431 0 0 1 
1 0 0 1 0 
1 2.5261129449194062 -2.3561944901923448 -0 1 
1 0 -1.5707963267948966 0 1 
1 0 0 0 1 
1 6.2657320146596431 0 0 1 
1 0 -1.5707963267948966 0 1 
1 6.2831853071795862 5 -1 0 
2 1 -3 1 0 -0 1 0.10000000000000001
1 0 0 0 1 
1 6.2657320146596431 0 0 1 
1 0 0 0 1 
1 6.2657320146596431 0 0 1 
1 0 0 0 1 
1 6.2657320146596431 0 0 1 
1 0 0 1 0 
7 0 0  10 20 3  3.7570723622601814 0.78539816339744828  3.6460002875334281 0.78539816331890844  3.5349280953487323 0.7785442440335828  3.4257603827281855 0.76483668942455552  3.3203922810498625 0.74457614879065659  3.2203100108890794 0.71837022395629901  3.125988490995951 0.68700183817418292  3.0373873618373182 0.65120129955175798  2.9541598251526011 0.61165071136292681  2.8758037930106948 0.56894375964641908  2.7277076952606438 0.47825379155017805  2.6579676132384003 0.43027071071955075  2.5919714368339162 0.380167742808037  2.529092277183584 0.32838471838122885  2.4687281828638437 0.27528901306621067  2.4103231790826012 0.2211926499653866  2.3533600934886492 0.16637011604657836  2.2973480713189902 0.11107210073111148  2.241812072828659 0.055536037363375722  2.1862760354652848 8.9912985627521663e-18 
 1.5707963267948966 11 2.3561944901923471 9 3.1415926535897931 11
1 0 3.1415926535897931 0 1 
1 6.2657320146596431 3.1415926535897931 0 1 
1 0 0 0 1 
1 6.2657320146596431 0 0 1 
1 0 3.1415926535897931 0 1 
1 6.2657320146596431 3.1415926535897931 0 1 
1 3.1415926535897931 5 -1 0 
2 2 -2 1 0 -0 1 0.10000000000000001
1 0 0 0 1 
1 6.2657320146596431 0 0 1 
1 0 0 0 1 
1 6.2657320146596431 0 0 1 
1 0 0 0 1 
1 6.2657320146596431 0 0 1 
1 0 0 1 0 
7 0 0  10 20 3  3.7570723622601814 -0.78539816339744828  3.6460002875334281 -0.78539816331890844  3.5349280953487323 -0.7785442440335828  3.4257603827281855 -0.76483668942455552  3.3203922810498625 -0.74457614879065659  3.2203100108890794 -0.71837022395629901  3.125988490995951 -0.68700183817418292  3.0373873618373182 -0.65120129955175798  2.9541598251526011 -0.61165071136292681  2.8758037930106948 -0.56894375964641908  2.7277076952606438 -0.47825379155017805  2.6579676132384003 -0.43027071071955075  2.5919714368339162 -0.380167742808037  2.529092277183584 -0.32838471838122885  2.4687281828638437 -0.27528901306621067  2.4103231790826012 -0.2211926499653866  2.3533600934886492 -0.16637011604657836  2.2973480713189902 -0.11107210073111148  2.241812072828659 -0.055536037363375722  2.1862760354652848 -8.9912985627521663e-18 
 1.5707963267948966 11 2.3561944901923471 9 3.1415926535897931 11
1 0 0 0 1 
1 6.2657320146596431 0 0 1 
1 0 0 0 1 
1 6.2657320146596431 0 0 1 
1 0 0 0 1 
1 6.2657320146596431 0 0 1 
Curves 36
1 0 -0.10000000000000001 0 1 0 0 
1 0 -0.10000000000000001 0 0 0 1 
1 5 -0.10000000000000005 -0.5 -0 0 -1 
1 0 -0.10000000000000001 1 1 0 0 
2 0 0 0 1 0 0 0 -1.1102230246251565e-16 1 0 -1 -1.1102230246251565e-16 0.10000000000000001
8 1.5707963267948966 3.1415926535897931
2 5 0 0 1 0 0 -0 0 1 0 -1 0 0.10000000000000001
1 0 0 -0.10000000000000001 1 0 0 
1 0 1 -0.10000000000000001 1 0 0 
1 0 0 -0.10000000000000001 0 1 0 
1 5 -1 -0.099999999999999992 -0 1 0 
1 -0.10000000000000001 0 0 0 1 0 
2 0 1 0 -0 -1 0 -1.1102230246251565e-16 0 1 -1 0 -1.1102230246251565e-16 0.10000000000000001
2 0 0 0 -0 -1 0 -1.1102230246251565e-16 0 1 -1 0 -1.1102230246251565e-16 0.10000000000000001
2 0 1 0 -0 0 -1 -1.1102230246251565e-16 -1 0 -1 1.1102230246251565e-16 0 0.10000000000000001
2 0 1 0 -1 0 0 0 1.1102230246251565e-16 1 0 1 -1.1102230246251565e-16 0.10000000000000001
1 -0.10000000000000001 0 0 0 0 1 
1 -0.10000000000000001 0 1 0 1 0 
1 -0.10000000000000001 1 0 0 0 1 
1 0 1.1000000000000001 0 0 0 1 
2 0 1 1 -0 0 -1 -1.1102230246251565e-16 -1 0 -1 1.1102230246251565e-16 0 0.10000000000000001
2 0 1 1 0 1 0 -1.1102230246251565e-16 0 -1 -1 0 1.1102230246251565e-16 0.10000000000000001
2 0 1 1 1 -0 0 0 1.1102230246251565e-16 -1 0 1 1.1102230246251565e-16 0.10000000000000001
1 0 1.1000000000000001 1 1 0 0 
8 4.7123889803846897 6.2831853071795862
2 5 1 1 1 0 0 -0 0 1 0 -1 0 0.10000000000000001
1 0 1 1.1000000000000001 1 0 0 
1 0 0 1.1000000000000001 0 1 0 
1 5 -1 1.1000000000000001 -0 1 0 
1 0 0 1.1000000000000001 1 0 0 
1 0 1.1000000000000001 0 1 0 0 
1 5 1.1000000000000001 -0.5 -0 0 -1 
2 0 0 1 0 0 1 -1.1102230246251565e-16 1 0 -1 -1.1102230246251565e-16 0 0.10000000000000001
2 0 0 0 0 0 1 -1.1102230246251565e-16 1 0 -1 -1.1102230246251565e-16 0 0.10000000000000001
8 3.1415926535897931 4.7123889803846897
2 5 1 0 1 0 0 -0 0 1 0 -1 0 0.10000000000000001
2 0 0 1 -1 -0 0 0 -1.1102230246251565e-16 -1 0 -1 1.1102230246251565e-16 0.10000000000000001
8 1.1442377452219656e-17 1.5707963267948966
2 5 0 1 1 0 0 -0 0 1 0 -1 0 0.10000000000000001
2 0 0 1 0 1 0 -1.1102230246251565e-16 0 -1 -1 0 1.1102230246251565e-16 0.10000000000000001
Polygon3D 0
PolygonOnTriangulations 0
Surfaces 142
1 0 -0.10000000000000001 0 -0 1 0 0 0 1 1 0 -0 
10 1.5707963267948966 3.1415926535897931 0 10
2 0 0 0 1 0 0 0 -1.1102230246251565e-16 1 0 -1 -1.1102230246251565e-16 0.10000000000000001
1 0 -0.10000000000000001 0 -0 -1 -0 -1 0 -0 -0 0 1 
2 0 0 0 1 0 0 -0 1 0 0 -0 1 0.90000000000000002
1 0 0.90000000000000002 0 0 1 0 -1 0 -0 0 0 -1 
10 1.5707963267948966 3.1415926535897931 0 1
2 0 0 0 0 0 1 -1.1102230246251565e-16 1 0 -1 -1.1102230246251565e-16 0 0.10000000000000001
1 0 -0.10000000000000001 0 -0 -1 -0 -0 0 -1 -1 0 0 
1 0 0 0 1 0 0 -0 1 0 0 -0 1 
1 0 0.90000000000000002 0 0 1 0 -0 0 -1 1 0 -0 
1 0 0 0 1 0 -0 0 0 1 0 -1 0 
1 0 -0.10000000000000005 0 -0 -1 -0 0.98058067569092022 -0 0.19611613513818404 -0.19611613513818404 0 0.98058067569092022 
1 0 -0.10000000000000001 0 0 1 0 0.01745240643728356 0 0.99984769515639127 0.99984769515639127 0 -0.01745240643728356 
1 5 0 0 1 0 0 -0 0.66896473162244974 0.74329414624716639 0 -0.74329414624716639 0.66896473162244974 
1 0 0.89999999999999991 0 0 1 0 0.98058067569092022 -0 0.19611613513818404 0.19611613513818404 0 -0.98058067569092022 
1 0 0.90000000000000002 0 0 1 0 -0.01745240643728356 0 0.99984769515639127 0.99984769515639127 0 0.01745240643728356 
10 1.5707963267948966 3.1415926535897931 0 10
2 0 0 1 1 0 0 0 -1.1102230246251565e-16 -1 0 -1 1.1102230246251565e-16 0.10000000000000001
1 0 -0.10000000000000001 0 -0 -1 -0 0 0 1 -1 0 0 
2 0 0 0 1 0 0 -0 0.66896473162244974 0.74329414624716639 0 -0.74329414624716639 0.66896473162244974 1.3453624047073711
1 0 0.90000000000000002 0 0 1 0 0 -0 1 1 0 -0 
4 0 0 0 0.70710678118654746 -0.70710678118654746 0 0.57735026918962584 0.57735026918962584 0.57735026918962584 -0.40824829046386302 -0.40824829046386302 0.81649658092772603 0.10000000000000001
4 0 0 0 0 1 0 0 0 -1 1 -0 0 0.10000000000000001
7 0 0 0 1 0 0 
2 0 1 0 1 0 0 0 -1.1102230246251565e-16 1 0 -1 -1.1102230246251565e-16 0.10000000000000001
4 0 1 0 0 1 0 0 0 -1 -1 0 0 0.10000000000000001
7 0 0 0 -0 -1 -0 
8 1.5707963267948966 3.1415926535897931
2 5 0 0 1 0 0 -0 0 1 0 -1 0 0.10000000000000001
10 1.5707963267948966 3.1415926535897931 0 10
2 0 0 0 0.99984769515639127 0 -0.01745240643728356 0.01745240643728356 -1.1102230246251565e-16 0.99984769515639127 -1.9376063461788507e-18 -1 -1.1100539322810202e-16 0.10000000000000001
7 0 0 0 1 0 0 
8 1.5707963267948966 3.1415926535897931
2 5 1 0 1 0 0 -0 0 1 0 -1 0 0.10000000000000001
7 0 0 0 0 1 0 
8 1.5707963267948966 3.1415926535897931
2 5 1 0 1 0 0 -0 0 1 0 -1 0 0.10000000000000001
10 1.5707963267948966 3.1415926535897931 0 10
2 0 1 0 0.99984769515639127 0 0.01745240643728356 -0.01745240643728356 -1.1102230246251565e-16 0.99984769515639127 1.9376063461788507e-18 -1 -1.1100539322810202e-16 0.10000000000000001
1 0 0 -0.10000000000000001 0 0 1 1 0 -0 -0 1 0 
1 0 0 0 -0 -1 -0 0 0 -1 1 -0 0 
2 0 0 0 1 0 0 0 0.99503719020998926 -0.099503719020998929 -0 0.099503719020998929 0.99503719020998926 1.0049875621120892
1 0 1 0 0 1 0 0 0 -1 -1 0 0 
10 1.5707963267948966 3.1415926535897931 0 10
2 0 1 0 1 0 0 0 1.1102230246251565e-16 1 0 1 -1.1102230246251565e-16 0.10000000000000001
1 0 1 0 -0 -1 -0 0 0 -1 1 -0 0 
10 1.5707963267948966 3.1415926535897931 0 10
2 0 1 0 0.99984769515639127 0 -0.01745240643728356 0.01745240643728356 1.1102230246251565e-16 0.99984769515639127 -1.9376063461788507e-18 1 -1.1100539322810202e-16 0.10000000000000001
2 0 0 0 1 0 0 0 0.99875233887784476 -0.049937616943892239 -0 0.049937616943892239 0.99875233887784476 2.0024984394500787
1 0 2 0 0 1 0 0 0 -1 -1 0 0 
10 1.5707963267948966 3.1415926535897931 0 10
2 0 2 0 0.99984769515639127 0 0.01745240643728356 -0.01745240643728356 1.1102230246251565e-16 0.99984769515639127 1.9376063461788507e-18 1 -1.1100539322810202e-16 0.10000000000000001
10 1.5707963267948966 3.1415926535897931 0 1
2 0 0 0 0 1 0 -1.1102230246251565e-16 0 1 -1 0 -1.1102230246251565e-16 0.10000000000000001
2 0 0 0 0 1 0 0 0 -1 1 -0 -0 0.10000000000000001
1 0 0 0 1 0 0 -0 -0.99503719020998926 0.099503719020998929 -0 0.099503719020998929 0.99503719020998926 
2 0 1 0 0 1 0 0 0 -1 -1 0 0 0.10000000000000001
2 0 -1 0 0 1 0 0.99980005998000698 0 -0.019996001199600138 0.019996001199600138 -0 0.99980005998000698 5.0009999000199947
1 5 0 0 1 0 0 -0 -0.99503719020998926 0.099503719020998915 -0 0.099503719020998915 0.99503719020998926 
2 0 0 0 0 1 0 0.99980005998000698 0 -0.019996001199600138 -0.019996001199600138 0 -0.99980005998000698 5.0009999000199947
1 -0.10000000000000001 0 0 1 0 -0 0 0 1 0 -1 0 
2 0 0 0 0 1 0 -1 0 0 -0 0 -1 0.10000000000000001
1 -0.10000000000000001 0 0 1 0 0 0 -1 -0 0 -0 1 
2 0 1 0 0 1 0 -1 0 0 0 -0 1 0.10000000000000001
4 0 1 0 0.70710678118654724 0.70710678118654791 0 0.57735026918962606 -0.57735026918962551 0.57735026918962595 0.40824829046386324 -0.40824829046386285 -0.81649658092772592 0.10000000000000001
7 0 0 0 -0 -1 -0 
2 0 1 0 -0 -1 0 -1.1102230246251565e-16 0 1 -1 0 -1.1102230246251565e-16 0.10000000000000001
4 0 1 0 0.70699908539882395 0.70710678118654791 -0.012340714939826955 0.587338487501742 -0.5773502691896254 0.56718618439259705 0.39393628208682757 -0.40824829046386291 -0.82349713963616233 0.10000000000000001
7 0 0 0 1 0 0 
2 0 2 0 -0 -1 0 -1.1102230246251565e-16 0 1 -1 0 -1.1102230246251565e-16 0.10000000000000001
7 0 0 0 0 1 0 
2 0 2 0 -0 -1 0 -1.1102230246251565e-16 0 1 -1 0 -1.1102230246251565e-16 0.10000000000000001
4 0 2 0 0.70699908539882395 0.70710678118654791 0.012340714939826955 0.56718618439259727 -0.57735026918962551 0.587338487501742 0.42243594245683375 -0.40824829046386291 -0.80924730945115919 0.10000000000000001
7 0 0 0 -0 -1 -0 
2 0 0 0 -0 -1 0 -1.1102230246251565e-16 0 1 -1 0 -1.1102230246251565e-16 0.10000000000000001
4 0 0 0 0.70699908539882428 -0.70710678118654757 -0.01234071493982696 0.58733848750174178 0.57735026918962573 0.56718618439259694 -0.39393628208682729 -0.40824829046386302 0.82349713963616233 0.10000000000000001
7 0 0 0 1 0 0 
2 0 1 0 -0 -1 0 -1.1102230246251565e-16 0 1 -1 0 -1.1102230246251565e-16 0.10000000000000001
7 0 0 0 0 1 0 
2 0 1 0 -0 -1 0 -1.1102230246251565e-16 0 1 -1 0 -1.1102230246251565e-16 0.10000000000000001
4 0 1 0 0.70699908539882428 -0.70710678118654757 0.01234071493982696 0.56718618439259694 0.57735026918962573 0.58733848750174178 -0.42243594245683347 -0.40824829046386302 0.80924730945115919 0.10000000000000001
10 1.5707963267948966 3.1415926535897931 0 1
2 0 1 0 0 0 1 -1.1102230246251565e-16 -1 0 -1 1.1102230246251565e-16 0 0.10000000000000001
4 0 1 0 0 1 0 -1 0 0 0 0 -1 0.10000000000000001
5 0 0 0 1 0 0 -0 1 0 0 -0 1 2 0.10000000000000001
4 0 2 0 0 1 0 -1 0 0 0 -0 1 0.10000000000000001
4 0 1 0 -0 -1 -0 0 0 -1 1 -0 0 0.10000000000000001
7 0 0 0 1 0 0 
2 0 2 0 -1 0 0 0 1.1102230246251565e-16 1 0 1 -1.1102230246251565e-16 0.10000000000000001
4 0 2 0 -0 -1 -0 0 0 -1 -1 0 0 0.10000000000000001
1 0 0 0 -0 -1 -0 -1 0 0 0 0 -1 
10 1.5707963267948966 3.1415926535897931 0 1
2 0 0 0 0.01745240643728356 0 0.99984769515639127 -1.1100539322810202e-16 1 1.9376063461788507e-18 -0.99984769515639127 -1.1102230246251565e-16 0.01745240643728356 0.10000000000000001
1 -0.10000000000000001 0 0 1 0 0 -0 1 0 0 -0 1 
1 0 1 0 0 1 0 -1 0 0 0 -0 1 
10 1.5707963267948966 3.1415926535897931 0 1
2 0 1 0 -0.01745240643728356 0 0.99984769515639127 -1.1100539322810202e-16 1 -1.9376063461788507e-18 -0.99984769515639127 -1.1102230246251565e-16 -0.01745240643728356 0.10000000000000001
10 1.5707963267948966 3.1415926535897931 0 1
2 0 0 1 0 1 0 -1.1102230246251565e-16 0 -1 -1 0 1.1102230246251565e-16 0.10000000000000001
2 0 0 0 0 1 0 -0.099503719020998929 0 0.99503719020998926 -0.99503719020998926 0 -0.099503719020998929 1.0049875621120892
1 -0.10000000000000001 0 0 1 0 0 0 -0.70710678118654757 -0.70710678118654757 0 -0.70710678118654757 0.70710678118654757 
2 0 1 0 0 1 0 -0.099503719020998929 0 0.99503719020998926 0.99503719020998926 -0 0.099503719020998929 1.0049875621120892
1 0 1 0 -0 -1 -0 -1 0 0 0 0 -1 
10 1.5707963267948966 3.1415926535897931 0 1
2 0 1 0 0.01745240643728356 0 0.99984769515639127 -1.1100539322810202e-16 -1 1.9376063461788507e-18 -0.99984769515639127 1.1102230246251565e-16 0.01745240643728356 0.10000000000000001
1 -0.10000000000000001 0 0 1 0 0 -0 1 0 0 -0 1 
1 0 2 0 0 1 0 -1 0 0 0 -0 1 
10 1.5707963267948966 3.1415926535897931 0 1
2 0 2 0 -0.01745240643728356 0 0.99984769515639127 -1.1100539322810202e-16 -1 -1.9376063461788507e-18 -0.99984769515639127 1.1102230246251565e-16 -0.01745240643728356 0.10000000000000001
1 0 1.1000000000000001 0 -0 1 0 0 0 1 1 0 -0 
1 0 1.1000000000000001 0 -0 -1 -0 -0 0 -1 -1 0 0 
1 0 0 0 1 0 0 -0 1 0 0 -0 1 
1 0 2.1000000000000001 0 0 1 0 -0 0 -1 1 0 -0 
4 0 1 1 0.70710678118654724 0 0.70710678118654791 0.57735026918962618 -0.57735026918962562 -0.57735026918962562 0.40824829046386313 0.81649658092772626 -0.40824829046386274 0.10000000000000001
7 0 0 0 -0 -1 -0 
2 0 1 1 -0 0 -1 -1.1102230246251565e-16 -1 0 -1 1.1102230246251565e-16 0 0.10000000000000001
7 0 0 0 1 0 0 
2 0 2 1 -0 0 -1 -1.1102230246251565e-16 -1 0 -1 1.1102230246251565e-16 0 0.10000000000000001
7 0 0 0 0 1 0 
2 0 2 1 -0 0 -1 -1.1102230246251565e-16 -1 0 -1 1.1102230246251565e-16 0 0.10000000000000001
7 0 0 0 -0 -1 -0 
2 0 1 1 0 1 0 -1.1102230246251565e-16 0 -1 -1 0 1.1102230246251565e-16 0.10000000000000001
7 0 0 0 1 0 0 
2 0 2 1 0 1 0 -1.1102230246251565e-16 0 -1 -1 0 1.1102230246251565e-16 0.10000000000000001
7 0 0 0 0 1 0 
2 0 2 1 0 1 0 -1.1102230246251565e-16 0 -1 -1 0 1.1102230246251565e-16 0.10000000000000001
10 1.5707963267948966 3.1415926535897931 0 10
2 0 1 1 1 0 0 0 1.1102230246251565e-16 -1 0 1 1.1102230246251565e-16 0.10000000000000001
5 0 1 0 -0 -1 -0 0 0 1 -1 0 0 1 0.10000000000000001
7 0 0 0 1 0 0 
2 0 2 1 1 -0 0 0 1.1102230246251565e-16 -1 0 1 1.1102230246251565e-16 0.10000000000000001
5 0 2 0 -0 -1 -0 0 -0 1 1 0 -0 1 0.10000000000000001
1 0 1.1000000000000001 0 -0 -1 -0 0 0 1 -1 0 0 
1 0 1.1000000000000001 0 0 1 0 0.01745240643728356 0 0.99984769515639127 0.99984769515639127 0 -0.01745240643728356 
2 0 0 0 1 0 0 -0 0.90286051882393037 0.42993358039234775 0 -0.42993358039234775 0.90286051882393037 2.3259406699226015
1 0 2.1000000000000001 0 0 1 0 0 -0 1 1 0 -0 
1 0 2.1000000000000001 0 0 1 0 -0.01745240643728356 0 0.99984769515639127 0.99984769515639127 0 0.01745240643728356 
7 0 0 0 -0 -1 -0 
8 4.7123889803846897 6.2831853071795862
2 5 1 1 1 0 0 -0 0 1 0 -1 0 0.10000000000000001
7 0 0 0 1 0 0 
8 4.7123889803846897 6.2831853071795862
2 5 2 1 1 0 0 -0 0 1 0 -1 0 0.10000000000000001
7 0 0 0 0 1 0 
8 4.7123889803846897 6.2831853071795862
2 5 2 1 1 0 0 -0 0 1 0 -1 0 0.10000000000000001
1 0 0 1.1000000000000001 0 0 1 1 0 -0 -0 1 0 
1 0 1 0 -0 -1 -0 0 0 1 -1 0 0 
2 0 0 0 1 0 0 -0 0.876215908676647 0.48191874977215593 0 -0.48191874977215593 0.876215908676647 2.2825424421026654
1 0 2 0 0 1 0 0 -0 1 1 0 -0 
2 0 0 0 0 1 0 0 -0 1 -1 -0 0 1.1000000000000001
1 0 0 0 1 0 0 0 -0.67267279399631252 -0.73994007339594381 0 -0.73994007339594381 0.67267279399631252 
2 0 1 0 0 1 0 0 -0 1 1 0 -0 1.1000000000000001
2 0 -1 0 0 1 0 0.97664446670509009 -0 0.21486178267511982 -0.21486178267511982 -0 0.97664446670509009 5.1195702944680823
1 5 0 0 1 0 0 0 -0.67267279399631252 -0.73994007339594381 0 -0.73994007339594381 0.67267279399631252 
2 0 0 0 0 1 0 0.97664446670509009 -0 0.21486178267511982 0.21486178267511982 0 -0.97664446670509009 5.1195702944680823
1 0 0 0 -0 -1 -0 0 0 1 -1 0 0 
2 0 0 0 1 0 0 -0 0.67267279399631252 0.73994007339594381 0 -0.73994007339594381 0.67267279399631252 1.4866068747318508
1 0 1 0 0 1 0 0 -0 1 1 0 -0 
1 0 1.1000000000000001 0 -0 -1 -0 -1 0 -0 -0 0 1 
2 0 0 0 1 0 0 -0 1 0 0 -0 1 2.1000000000000001
1 0 2.1000000000000001 0 0 1 0 -1 0 -0 0 0 -1 
1 0 1.1000000000000001 0 -0 -1 -0 0.98058067569092022 -0 0.19611613513818404 -0.19611613513818404 0 0.98058067569092022 
1 5 0 0 1 0 0 -0 0.90286051882393037 0.42993358039234775 0 -0.42993358039234775 0.90286051882393037 
1 0 2.1000000000000001 0 0 1 0 0.98058067569092022 -0 0.19611613513818404 0.19611613513818404 0 -0.98058067569092022 
4 0 0 1 0.70710678118654746 -0.70710678118654746 0 0.57735026918962595 0.57735026918962595 -0.57735026918962551 0.4082482904638628 0.4082482904638628 0.81649658092772626 0.10000000000000001
7 0 0 0 -0 -1 -0 
2 0 0 1 0 0 1 -1.1102230246251565e-16 1 0 -1 -1.1102230246251565e-16 0 0.10000000000000001
7 0 0 0 1 0 0 
2 0 1 1 0 0 1 -1.1102230246251565e-16 1 0 -1 -1.1102230246251565e-16 0 0.10000000000000001
7 0 0 0 0 1 0 
2 0 1 1 0 0 1 -1.1102230246251565e-16 1 0 -1 -1.1102230246251565e-16 0 0.10000000000000001
4 0 0 0 -0 -1 -0 -1 0 0 0 0 -1 0.10000000000000001
5 0 0 0 -1 -0 -0 -0 1 0 0 -0 1 1 0.10000000000000001
4 0 1 0 -0 -1 -0 -1 0 0 0 -0 1 0.10000000000000001
7 0 0 0 -0 -1 -0 
8 3.1415926535897931 4.7123889803846897
2 5 1 0 1 0 0 -0 0 1 0 -1 0 0.10000000000000001
7 0 0 0 1 0 0 
8 3.1415926535897931 4.7123889803846897
2 5 2 0 1 0 0 -0 0 1 0 -1 0 0.10000000000000001
7 0 0 0 0 1 0 
8 3.1415926535897931 4.7123889803846897
2 5 2 0 1 0 0 -0 0 1 0 -1 0 0.10000000000000001
5 0 0 0 0 1 0 0 0 1 -1 0 0 1 0.10000000000000001
7 0 0 0 1 0 0 
2 0 1 1 -1 -0 0 0 -1.1102230246251565e-16 -1 0 -1 1.1102230246251565e-16 0.10000000000000001
5 0 1 0 0 1 0 0 -0 1 1 0 -0 1 0.10000000000000001
7 0 0 0 -0 -1 -0 
8 1.1442377452219656e-17 1.5707963267948966
2 5 0 1 1 0 0 -0 0 1 0 -1 0 0.10000000000000001
7 0 0 0 1 0 0 
8 1.1442377452219656e-17 1.5707963267948966
2 5 1 1 1 0 0 -0 0 1 0 -1 0 0.10000000000000001
7 0 0 0 0 1 0 
8 1.1442377452219656e-17 1.5707963267948966
2 5 1 1 1 0 0 -0 0 1 0 -1 0 0.10000000000000001
7 0 0 0 -0 -1 -0 
2 0 0 1 0 1 0 -1.1102230246251565e-16 0 -1 -1 0 1.1102230246251565e-16 0.10000000000000001
7 0 0 0 1 0 0 
2 0 1 1 0 1 0 -1.1102230246251565e-16 0 -1 -1 0 1.1102230246251565e-16 0.10000000000000001
7 0 0 0 0 1 0 
2 0 1 1 0 1 0 -1.1102230246251565e-16 0 -1 -1 0 1.1102230246251565e-16 0.10000000000000001
Triangulations 0

TShapes 93
Ve
0.001
0 -0.1 0
0 0

0101101
*
Ve
0.001
5 -0.1 0
0 0

0101101
*
Ed
 0.001 1 1 0
2  1 1 0 0 5
1  1 0 0 5
2  2 2 0 0 5
4 G1 1 0 2 0
2  3 3 0 0 5
2  4 4 4 0 5
2  5 4 6 0 5
2  6 5 4 0 5
0

0101000
+93 0 -92 0 *
Ve
0.001
0 -0.1 1
0 0

0101101
*
Ed
 0.001 1 1 0
2  7 1 0 0 1
1  2 0 0 1
2  8 6 0 0 1
4 G1 1 0 6 0
2  9 7 0 0 1
2  10 8 4 0 1
2  11 8 6 0 1
2  12 9 4 0 1
0

0101000
+93 0 -90 0 *
Ve
0.001
5 -0.1 1
0 0

0101101
*
Ed
 0.001 1 1 0
1  3 0 -1.5 -0.5
2  13 1 0 -1.5 -0.5
2  14 10 7 -1.5 -0.5
2  15 11 0 -1.5 -0.5
2  16 11 9 -1.5 -0.5
2  13 12 9 -1.5 -0.5
2  17 13 4 -1.5 -0.5
2  18 13 6 -1.5 -0.5
2  19 14 4 -1.5 -0.5
2  20 14 11 -1.5 -0.5
2  13 15 11 -1.5 -0.5
0

0101000
+88 0 -92 0 *
Ed
 0.001 1 1 0
2  21 1 0 0 5
1  4 0 0 5
2  22 16 0 0 5
4 G1 1 0 16 0
2  23 17 0 0 5
2  24 17 9 0 5
2  21 12 9 0 5
2  25 18 4 0 5
2  26 18 6 0 5
2  27 19 4 0 5
2  28 19 11 0 5
2  21 15 11 0 5
0

0101000
+90 0 -88 0 *
Wi

0101000
-91 0 +89 0 +87 0 +86 0 *
Fa
0  0.001 1 0

0111000
+85 0 *
Ve
0.001
0 0 -0.1
0 0

0101101
*
Ed
 0.001 1 1 0
2  29 2 0 1.5707963267949 3.14159265358979
1  5 0 1.5707963267949 3.14159265358979
2  30 20 0 1.5707963267949 3.14159265358979
4 G1 20 0 2 0
2  31 21 0 1.5707963267949 3.14159265358979
2  32 22 4 1.5707963267949 3.14159265358979
2  33 22 6 1.5707963267949 3.14159265358979
2  34 23 4 1.5707963267949 3.14159265358979
0

0101000
+93 0 -83 0 *
Ve
0.001
5 0 -0.1
0 0

0101101
*
Ed
 0.001 1 1 0
1  6 0 1.5707963267949 3.14159265358979
2  35 2 0 1.5707963267949 3.14159265358979
2  36 10 7 1.5707963267949 3.14159265358979
2  37 24 0 1.5707963267949 3.14159265358979
2  38 24 9 1.5707963267949 3.14159265358979
2  35 25 9 1.5707963267949 3.14159265358979
2  39 26 4 1.5707963267949 3.14159265358979
2  40 26 6 1.5707963267949 3.14159265358979
2  41 27 4 1.5707963267949 3.14159265358979
2  42 27 11 1.5707963267949 3.14159265358979
2  35 28 11 1.5707963267949 3.14159265358979
0

0101000
+92 0 -81 0 *
Ed
 0.001 1 1 0
2  43 29 0 0 5
1  7 0 0 5
2  44 2 0 0 5
4 G1 29 0 2 0
2  45 30 0 0 5
2  46 30 9 0 5
2  44 25 9 0 5
2  47 31 4 0 5
2  48 31 6 0 5
2  49 32 4 0 5
2  50 32 11 0 5
2  44 28 11 0 5
0

0101000
+83 0 -81 0 *
Wi

0101000
-91 0 +82 0 -80 0 +79 0 *
Fa
0  0.001 2 0

0101000
+78 0 *
Ve
0.001
0 1 -0.1
0 0

0101101
*
Ve
0.001
5 1 -0.1
0 0

0101101
*
Ed
 0.001 1 1 0
2  51 29 0 0 5
1  8 0 0 5
2  52 33 0 0 5
4 G1 33 0 29 0
2  53 34 0 0 5
2  54 34 9 0 5
2  52 35 9 0 5
2  55 36 4 0 5
2  56 36 6 0 5
2  57 37 4 0 5
2  58 37 11 0 5
2  52 38 11 0 5
0

0101000
+76 0 -75 0 *
Ed
 0.001 1 1 0
2  59 29 0 0 1
1  9 0 0 1
2  60 39 0 0 1
4 G1 39 0 29 0
2  61 40 0 0 1
2  62 40 9 0 1
2  63 41 4 0 1
2  64 41 6 0 1
2  65 42 4 0 1
2  66 42 11 0 1
0

0101000
+83 0 -76 0 *
Ed
 0.001 1 1 0
1  10 0 1 2
2  67 29 0 1 2
2  68 10 7 1 2
2  69 43 0 1 2
2  70 43 9 1 2
2  71 44 4 1 2
2  72 44 6 1 2
2  73 45 4 1 2
2  74 45 11 1 2
0

0101000
+81 0 -75 0 *
Wi

0101000
-74 0 -73 0 +72 0 +79 0 *
Fa
0  0.001 29 0

0111000
+71 0 *
Ve
0.001
-0.1 0 0
0 0

0101101
*
Ve
0.001
-0.15 2.05 0
0 0

0101101
*
Ed
 0.001 1 1 0
2  75 46 0 0 1
1  11 0 0 1
2  76 39 0 0 1
4 G1 39 0 46 0
2  77 47 0 0 1
2  78 47 9 0 1
2  79 48 4 0 1
2  80 48 6 0 1
2  81 49 4 0 1
2  82 49 11 0 1
0

0101000
+69 0 -68 4 *
Ed
 0.001 1 1 0
2  83 39 0 1.5707963267949 3.14159265358979
1  12 0 1.5707963267949 3.14159265358979
2  84 50 0 1.5707963267949 3.14159265358979
4 G1 50 0 39 0
2  85 51 0 1.5707963267949 3.14159265358979
2  86 51 9 1.5707963267949 3.14159265358979
2  84 52 9 1.5707963267949 3.14159265358979
2  87 53 4 1.5707963267949 3.14159265358979
2  88 53 6 1.5707963267949 3.14159265358979
2  89 54 4 1.5707963267949 3.14159265358979
2  90 54 11 1.5707963267949 3.14159265358979
2  84 55 11 1.5707963267949 3.14159265358979
0

0101000
+68 4 -76 0 *
Ed
 0.001 1 1 0
2  91 39 0 1.5707963267949 3.14159265358979
1  13 0 1.5707963267949 3.14159265358979
2  92 20 0 1.5707963267949 3.14159265358979
4 G1 39 0 20 0
2  93 56 0 1.5707963267949 3.14159265358979
2  94 56 9 1.5707963267949 3.14159265358979
2  92 57 9 1.5707963267949 3.14159265358979
2  95 58 4 1.5707963267949 3.14159265358979
2  96 58 6 1.5707963267949 3.14159265358979
2  97 59 4 1.5707963267949 3.14159265358979
2  98 59 11 1.5707963267949 3.14159265358979
2  92 60 11 1.5707963267949 3.14159265358979
0

0101000
+69 0 -83 0 *
Wi

0101000
-67 0 +73 0 -66 0 +65 0 *
Fa
0  0.001 39 0

0101000
+64 0 *
Ve
0.001
-0.05 2.15 0
0 0

0101101
*
Ed
 0.001 1 1 0
2  99 61 0 1.5707963267949 3.14159265358979
1  14 0 1.5707963267949 3.14159265358979
2  100 50 0 1.5707963267949 3.14159265358979
4 G1 50 0 61 0
2  101 62 0 1.5707963267949 3.14159265358979
2  102 63 4 1.5707963267949 3.14159265358979
2  103 63 6 1.5707963267949 3.14159265358979
2  104 64 4 1.5707963267949 3.14159265358979
2  105 61 15 1.5707963267949 3.14159265358979
0

0101000
+68 4 -62 4 *
Ed
 0.001 1 1 0
2  106 33 0 1.5707963267949 3.14159265358979
1  15 0 1.5707963267949 3.14159265358979
2  107 50 0 1.5707963267949 3.14159265358979
4 G1 50 0 33 0
2  108 65 0 1.5707963267949 3.14159265358979
2  109 66 4 1.5707963267949 3.14159265358979
2  110 66 6 1.5707963267949 3.14159265358979
2  111 67 4 1.5707963267949 3.14159265358979
0

0101000
+62 4 -76 0 *
Wi

0101000
+61 0 -66 0 +60 0 *
Fa
0  0.001 50 0

0101000
+59 0 *
Ve
0.001
-0.1 0 1
0 0

0101101
*
Ed
 0.001 1 1 0
2  112 46 0 0 1
1  16 0 0 1
2  113 6 0 0 1
4 G1 6 0 46 0
2  114 68 0 0 1
2  115 68 9 0 1
2  113 69 9 0 1
2  116 70 4 0 1
2  117 70 6 0 1
2  118 71 4 0 1
2  119 71 11 0 1
2  113 72 11 0 1
0

0101000
+69 0 -57 0 *
Ve
0.001
-0.15 2.05 1
0 0

0101101
*
Ed
 0.001 1 1 0
2  120 46 0 0 1
1  17 0 0 1
2  121 73 0 0 1
4 G1 73 0 46 0
2  122 74 0 0 1
2  123 74 9 0 1
2  124 75 4 0 1
2  125 75 6 0 1
2  126 76 4 0 1
2  127 76 11 0 1
0

0101000
+57 0 -55 4 *
Ed
 0.001 1 1 0
2  128 46 0 0 1
1  18 0 0 1
2  129 61 0 0 1
4 G1 61 0 46 0
2  130 77 0 0 1
2  131 77 9 0 1
2  129 78 9 0 1
2  132 79 4 0 1
2  133 79 6 0 1
2  134 80 4 0 1
2  135 80 11 0 1
2  129 81 11 0 1
2  136 61 15 0 1
0

0101000
+68 4 -55 4 *
Wi

0101000
-56 0 -54 0 +53 0 +67 0 *
Fa
0  0.001 46 0

0101000
+52 0 *
Ve
0.001
-0.05 2.15 1
0 0

0101101
*
Ed
 0.001 1 1 0
2  137 82 0 0 1
1  19 0 0 1
2  138 61 0 0 1
4 G1 82 0 61 0
2  139 83 0 0 1
2  140 84 4 0 1
2  141 84 6 0 1
2  142 85 4 0 1
2  143 61 15 0 1
0

0101000
+62 4 -50 4 *
Ed
 0.001 1 1 0
2  144 61 0 1.5707963267949 3.14159265358979
