DBRep_DrawableShape

CASCADE Topology V1, (c) Matra-Datavision
Locations 14
1
              1               0               0               0 
              0 0.996194698091746 -0.0871557427476582               0 
              0 0.0871557427476582 0.996194698091746               0 
1
              1               0               0               0 
              0 0.996194698091746 -0.0871557427476582               0 
              0 0.0871557427476582 0.996194698091746               0 
2  1 1 2 1 0
1
              1               0               0               0 
              0               1               0               0 
              0               0               1             -10 
1
0.707106781186548 -0.707106781186547               0               0 
0.707106781186547 0.707106781186548               0               0 
              0               0               1               0 
1
0.90630778703665 0.422618261740699               0               0 
-0.422618261740699 0.90630778703665               0               0 
              0               0               1               0 
2  4 1 5 1 6 1 0
1
              1               0               0             -20 
              0               1               0             -20 
              0               0               1             -10 
1
              1               0               0               0 
              0               1               0               0 
              0               0               1              -5 
1
              1               0               0               0 
              0               1               0               0 
              0               0               1              -5 
1
              1               0               0               0 
              0               1               0               0 
              0               0               1              -5 
1
              1               0               0               0 
              0               1               0               0 
              0               0               1              -5 
1
              1               0               0               0 
              0               1               0               0 
              0               0               1              -5 
2  8 1 9 1 10 1 11 1 12 1 13 1 0
Curve2ds 7
1 0.34906585039886551 3.1415926535897931 0 -1 
2 10 0 0 -1 1 0 10
1 0 1.5707963267948966 1 0 
1 1.9198621771937625 0 0 1 
2 10 0 0 -1 1 0 10
8 1.5707963267948966 4.7123889803846897
1 -1.5707963267948966 0.52359877559829893 1 0 
8 1.5707963267948966 4.7123889803846897
2 20 20 0 -1 1 0 8.6602540378443873
Curves 3
2 0 0 0 -0.3420201433256686 0.93969262078590843 0 -0.93969262078590843 -0.3420201433256686 0 0 0 1 10
2 0 0 0 0.93969262078590843 0.3420201433256686 0 -0.3420201433256686 0.93969262078590843 0 0 -0 1 10
2 0 0 5 0 0 1 0 -1 0 1 0 -0 8.6602540378443873
Polygon3D 0
PolygonOnTriangulations 0
Surfaces 4
4 0 0 0 0 0 1 1 0 -0 -0 1 0 10
1 0 0 0 -0 1 0 0 0 1 1 0 -0 
1 0 0 0 1 0 -0 0 0 1 0 -1 0 
1 0 0 40 0 0 1 1 0 -0 -0 1 0 
Triangulations 0

TShapes 9
Ve
1e-07
6.12323399573677e-16 -1.49975978266186e-31 10
0 0

0101101
*
Ve
2.00001e-07
8.13797681349382 2.96198132726002 5
0 0

0101101
*
Ed
 1e-07 1 1 0
1  1 0 1.5707963267949 2.61799387799149
2  1 1 0 1.5707963267949 2.61799387799149
2  2 2 7 1.5707963267949 2.61799387799149
0

0101000
+9 0 -8 0 *
Ed
 1e-07 1 1 1
2  3 1 0 0.349065850398866 1.91986217719376
0

0101100
-9 0 +9 0 *
Ve
2.00001e-07
-2.9619813272603 8.13797681349372 5
0 0

0101101
*
Ed
 1e-07 1 1 0
1  2 0 0.523598775598299 1.5707963267949
2  4 1 0 0.523598775598299 1.5707963267949
2  5 3 7 0.523598775598299 1.5707963267949
0

0101000
+5 0 -9 0 *
Ed
 1e-07 1 1 0
1  3 0 1.91986217719374 3.49065850398867
2  6 1 0 1.91986217719374 3.49065850398867
2  7 4 14 1.91986217719374 3.49065850398867
0

0101000
+8 0 -5 0 *
Wi

0101000
+7 0 -6 0 +4 0 +3 0 *
Fa
0  1e-07 1 0

0111000
+2 0 *

+1 3 
0

