DBRep_DrawableShape

CASCADE Topology V1, (c) Matra-Datavision
Locations 2
1
              1               0               0       -86.60254 
              0               1               0              50 
              0               0               1               0 
2  1 -1 0
Curve2ds 2
1 0 0 1 0 
1 0 -99.999999672257999 1 0 
Curves 1
2 37.337168574084203 -27.330127018922198 11 -0.86602540378443882 0.49999999999999989 0 0 0 1 0.49999999999999989 0.86602540378443882 -0 10
Polygon3D 0
PolygonOnTriangulations 0
Surfaces 2
1 39.837168574084203 -23 0 -0.86602540378443904 0.5 0 0 0 1 0.5 0.86602540378443904 0 
6 0.86602540283832907 -0.50000000163871006 -0 
2 37.337168574084203 -27.330127018922198 11 -0.86602540378443882 0.49999999999999989 0 0 0 1 0.49999999999999989 0.86602540378443882 -0 10
Triangulations 0

TShapes 4
Ve
1e-07
37.3371685740842 -27.3301270189222 21
0 0

0101100
*
Ed
 1e-07 1 1 0
1  1 0 0 6.28318530717959
2  1 2 0 0 6.28318530717959
2  2 2 2 0 6.28318530717959
0

0101100
+4 0 -4 0 *
Wi

0101100
+3 0 *
Fa
0  1e-07 1 0

0111000
+2 0 *

+1 0 
0

