DBRep_DrawableShape

CASCADE Topology V1, (c) Matra-Datavision
Locations 0
Curve2ds 11
9 -1.3217193720156073
8 0.50000000049458004 1
7 0 0  6 7 2  -6.10622663543836e-16 -2  -0.12909153609875601 -2  -0.258378151471022 -2.0540447218842002  -0.357990026697869 -2.14200997330216  -0.445955278114957 -2.24162184852658  -0.500000000000001 -2.3709084639012401  -0.5 -2.5 
 0 7 1 7
1 0.8217193720156073 -2.5 0 -1 
2 -0.79999995231628496 -3.0983867385253498 1 -2.9605952029076799e-15 -2.9605952029076799e-15 -1 1.6217193243318924
1 -2.4217192766481772 -3.0983867385253498 0 1 
1 -2.0999999046325701 -2.4217192766481772 -1 0 
2 -3.0983867385253498 -0.79999995231628496 -1.4802976014538399e-15 -1 -1 1.4802976014538399e-15 1.6217193243318924
1 -3.0983867385253498 0.8217193720156073 1 0 
9 1.3217193720156073
8 0.49999999949258622 1
7 0 0  6 7 2  -2 9.9920072216264108e-16  -2 -0.12909153609874899  -2.0540447218842002 -0.25837815147102999  -2.14200997330216 -0.35799002669786101  -2.24162184852658 -0.44595527811496399  -2.3709084639012401 -0.5  -2.5 -0.5 
 0 7 1 7
9 1.3217193720156073
8 0 0.49999999949258622
7 0 0  6 7 2  -2 9.9920072216264108e-16  -2 -0.12909153609874899  -2.0540447218842002 -0.25837815147102999  -2.14200997330216 -0.35799002669786101  -2.24162184852658 -0.44595527811496399  -2.3709084639012401 -0.5  -2.5 -0.5 
 0 7 1 7
2 0 0 -3.0751568773351501e-16 -1 1 -3.0751568773351501e-16 3.3217193720156075
9 -1.3217193720156073
8 0 0.50000000049458004
7 0 0  6 7 2  -6.10622663543836e-16 -2  -0.12909153609875601 -2  -0.258378151471022 -2.0540447218842002  -0.357990026697869 -2.14200997330216  -0.445955278114957 -2.24162184852658  -0.500000000000001 -2.3709084639012401  -0.5 -2.5 
 0 7 1 7
Curves 11
9 -1.3217193720156073
-1 0 0 
8 0.50000000049458004 1
7 0 0  6 7 2  -3.5 1.6180341083344802 1.175570339990863  -3.5 1.5421560178437019 1.2800075942434022  -3.5 1.5098863643410239 1.4163693569951865  -3.5 1.5225013698984866 1.5486617331096815  -3.5 1.5513844054947377 1.6783775046925642  -3.5 1.6242127961678416 1.7980933615814192  -3.5 1.7286500504203852 1.8739714520721993 
 0 7 1 7
1 -3.5 2.5055370961868348 0.80467793928835663 0 0.80901705416724123 0.58778516999543218 
2 -3.5 2.0364196039040579 2.4683993805725679 1 -0 0 0 0.58778516999543462 -0.80901705416723946 0 0.80901705416723946 0.58778516999543462 1.6217193243318924
1 -3.5 1.0831970351667592 3.7803979710296445 0 -0.80901705416724123 -0.58778516999543218 
1 -3.5 0.72486339427908231 3.1223864133031913 -0 -0.58778516999543218 0.80901705416724123 
2 -3.5 -1.1739721710588631 2.9768758198411884 1 -0 0 0 0.80901705416724035 0.5877851699954334 -0 -0.5877851699954334 0.80901705416724035 1.6217193243318924
1 -3.5 -2.4859707615159392 2.0236532511038896 0 0.58778516999543218 -0.80901705416724123 
9 1.3217193720156073
-1 0 0 
8 0.49999999949258622 1
7 0 0  6 7 2  -3.5 -1.175570339990867 1.61803410833448  -3.5 -1.0711330857383321 1.6939121988252552  -3.5 -0.99830469506665676 1.813628055712029  -3.5 -0.96942165946896741 1.9433438272970343  -3.5 -0.95680665391077147 2.0756362034090623  -3.5 -0.98907630741418062 2.2119979661632745  -3.5 -1.0649543979049616 2.3164352204158174 
 0 7 1 7
9 1.3217193720156073
-1 0 0 
8 0 0.49999999949258622
7 0 0  6 7 2  -3.5 -1.175570339990867 1.61803410833448  -3.5 -1.0711330857383321 1.6939121988252552  -3.5 -0.99830469506665676 1.813628055712029  -3.5 -0.96942165946896741 1.9433438272970343  -3.5 -0.95680665391077147 2.0756362034090623  -3.5 -0.98907630741418062 2.2119979661632745  -3.5 -1.0649543979049616 2.3164352204158174 
 0 7 1 7
2 -3.5 -1.7763568394002501e-15 -1.7763568394002501e-15 -1 0 0 0 0.80901705416724101 0.5877851699954324 0 0.5877851699954324 -0.80901705416724101 3.3217193720156075
9 -1.3217193720156073
-1 0 0 
8 0 0.50000000049458004
7 0 0  6 7 2  -3.5 1.6180341083344802 1.175570339990863  -3.5 1.5421560178437019 1.2800075942434022  -3.5 1.5098863643410239 1.4163693569951865  -3.5 1.5225013698984866 1.5486617331096815  -3.5 1.5513844054947377 1.6783775046925642  -3.5 1.6242127961678416 1.7980933615814192  -3.5 1.7286500504203852 1.8739714520721993 
 0 7 1 7
Polygon3D 0
PolygonOnTriangulations 0
Surfaces 1
1 -3.5 -1.7763568394002501e-15 -1.7763568394002501e-15 -1 0 0 0 0.58778516999543218 -0.80901705416724123 -0 -0.80901705416724123 -0.58778516999543218 
Triangulations 0

TShapes 23
Ve
1e-07
-3.5 2.8478528232412 1.33874654626816
0 0

0101101
*
Ve
1e-07
-3.5 2.50553709618683 0.80467793928835
0 0

0101101
*
Ed
 1e-07 1 1 0
2  1 1 0 0.50000000049458 1
1  1 0 0.50000000049458 1
0

0101000
+23 0 -22 0 *
Ve
1e-07
-3.5 2.98964217264136 1.15640079011549
0 0

0101101
*
Ed
 1e-07 1 1 0
2  2 1 0 -9.78634874856101e-15 0.59838673852535
1  2 0 -9.78634874856101e-15 0.59838673852535
0

0101000
+22 0 -20 0 *
Ve
1e-07
-3.5 1.08319703516676 3.78039797102964
0 0

0101101
*
Ed
 1e-07 1 1 0
2  3 1 0 6.28318530717958 9.42477796076938
1  3 0 6.28318530717958 9.42477796076938
0

0101000
+20 0 -18 0 *
Ve
1e-07
-3.5 0.535761510417895 3.38266286604194
0 0

0101101
*
Ed
 1e-07 1 1 0
2  4 1 0 0 0.676667471877173
1  4 0 0 0.676667471877173
0

0101000
+18 0 -16 0 *
Ve
1e-07
-3.5 0.138026419398213 3.93009838857849
0 0

0101101
*
Ed
 1e-07 1 1 0
2  5 1 0 0.321719382015607 0.99838683389278
1  5 0 0.321719382015607 0.99838683389278
0

0101000
+16 0 -14 0 *
Ve
1e-07
-3.5 -2.48597076151594 2.02365325110389
0 0

0101101
*
Ed
 1e-07 1 1 0
2  6 1 0 6.28318530717958 9.42477796076938
1  6 0 6.28318530717958 9.42477796076938
0

0101000
+14 0 -12 0 *
Ve
1e-07
-3.5 -2.1342479106888 1.53954817464937
0 0

0101101
*
Ed
 1e-07 1 1 0
2  7 1 0 -0 0.59838673852535
1  7 0 -0 0.59838673852535
0

0101000
+12 0 -10 0 *
Ve
1e-07
-3.5 -2.29477311280942 2.15325901415282
0 0

0101101
*
Ed
 1e-07 1 1 0
2  8 1 0 0.499999999492586 1
1  8 0 0.499999999492586 1
0

0101000
+8 0 -10 0 *
Ve
1e-07
-3.5 -1.95245738575732 2.68732762111832
0 0

0101101
*
Ed
 1e-07 1 1 0
2  9 1 0 0 0.499999999492586
1  9 0 0 0.499999999492586
0

0101000
+6 0 -8 0 *
Ve
1e-07
-3.5 2.68732762111832 1.95245738575731
0 0

0101101
*
Ed
 1e-07 1 1 0
2  10 1 0 6.28318530717959 10.9955742875643
1  10 0 6.28318530717959 10.9955742875643
0

0101000
+4 0 -6 0 *
Ed
 1e-07 1 1 0
2  11 1 0 0 0.50000000049458
1  11 0 0 0.50000000049458
0

0101000
+4 0 -23 0 *
Wi

0101100
+21 0 +19 0 +17 0 +15 0 +13 0 +11 0 +9 0 -7 0 -5 0 -3 0 
+2 0 *

+1 0 
0

