DBRep_DrawableShape

CASCADE Topology V1, (c) Matra-Datavision
Locations 14
1
              1               0               0               0 
              0               1               0               0 
              0               0               1               0 
1
              1               0               0               0 
              0               1               0               0 
              0               0               1               0 
2  1 1 2 1 0
1
              1               0               0               0 
              0               1               0               0 
              0               0               1               0 
2  4 1 2 1 0
2  1 1 4 -1 0
2  4 1 1 -1 0
2  2 -1 1 -1 0
2  2 -1 4 -1 0
1
              1               0               0               0 
              0               1               0               0 
              0               0               1               0 
2  10 1 4 -1 0
2  10 1 2 1 0
2  4 1 10 -1 0
2  1 1 10 -1 0
Curve2ds 26
1 1.647874396080278 -0.53970805499208141 -0.57735026918968801 0.81649658092768207 
1 0.17324363015854893 -1.3949925793661411 0.77459666924156689 0.63245553203357363 
1 -0.45663012265842595 2.7390831184644613 -0.57735026918968801 -0.81649658092768207 
1 -1.35477636167884 3.3741684145729898 0.81649658092772603 -0.57735026918962584 
1 0.32862867593900796 0.50461943346038918 0.86602540378436377 0.50000000000012979 
1 0.74972815705986395 -1.1747933511006101 0.81649658092772603 0.57735026918962584 
1 0.04637344088082207 -0.006894491564388908 0.57735026918959242 -0.81649658092774968 
1 0.20614282182000099 -3.3423080048016933 7.0887740122316245e-014 1 
1 -2.0581310778578819 2.2062695550367688 0.57735026918959242 0.81649658092774968 
1 0.86287002180844796 0.57045577762516608 -0.81649658092772603 -0.57735026918962595 
1 0.68436606236269326 0.087612745522632027 0.86602540378452852 -0.4999999999998444 
1 -1.241634496930256 1.6289192858472137 -0.81649658092772603 0.57735026918962595 
1 -2.0498827873941199 -2.2004371329166461 0.81649658092772492 0.57735026918962751 
1 -0.62926406871192675 1.2832244705868641 0.86602540378619419 -0.49999999999695938 
1 0.054621731344584035 -0.0010620694442664892 0.81649658092772492 0.57735026918962751 
1 1.5416428329668423 -0.40733622875568642 -0.86602540378268333 0.50000000000304057 
1 -2.0498827873941199 2.2004371329166461 0.81649658092772492 -0.57735026918962751 
1 -1.241634496930256 1.6289192858472137 -0.81649658092772603 0.57735026918962595 
1 0.17496710383928174 0.81890138662373546 0.86602540378619541 -0.49999999999695721 
1 -1.2916463663906959 -1.6642830178825072 0.81649658092772259 0.57735026918963062 
1 0.81285815234800807 0.53509204558987244 0.81649658092772259 0.57735026918963062 
1 0.73741166041563355 0.056986855207442288 -0.866025403782682 0.50000000000304279 
1 -1.2916463663906959 1.6642830178825072 0.81649658092772259 -0.57735026918963062 
1 -1.241634496930256 1.6289192858472137 -0.81649658092772603 0.57735026918962595 
2 -1.222962630727338 3.0360130570722479 0 -1 1 0 0.080000000000000002
1 0 0.099999999999770883 1 0 
Curves 7
1 0.47341400193108796 1.1564971157456181 1.0150757595081239 0.57735026918968801 0.57735026918950128 0.57735026918968813 
1 1.371560240951502 0.70742399623528396 0.5660026399980439 -0.81649658092772603 0.40824829046396893 0.40824829046375716 
1 2.0749149571305439 1.5332531995535079 1.391831843316014 -0.57735026918959242 -0.57735026918969268 -0.57735026918959242 
1 1.258418376202918 1.9415014900171939 1.8000801337799539 0.81649658092772603 -0.40824829046373606 -0.40824829046399019 
1 2.0666666666667819 1.5373773447852619 1.3959559885480219 -0.81649658092772492 0.40824829046634681 0.40824829046138156 
1 1.3084302456633579 1.9164955552869738 1.7750741990497338 -0.81649658092772259 0.4082482904663508 0.40824829046138206 
2 1.23974651 0.94653594261874696 0.80511458638125255 0 -0.70710678118654757 0.70710678118654757 0 0.70710678118654757 0.70710678118654757 -1 0 0 0.080000000000000002
Polygon3D 0
PolygonOnTriangulations 2
2 7 8 
p 0.0434748514900242 1 0 1.35966746040248 
2 3 1 
p 0.0434748514900242 1 0 1.35966746040248 
Surfaces 11
1 0.016783879272661999 3.0933213630454337 2.9519000068079397 0 -0.70710678118654757 0.70710678118654757 -1 0 0 -0 -0.70710678118654757 -0.70710678118654757 
1 2.1212883980113659 1.5381283412913938 1.3967069850541538 0 0.70710678118654757 -0.70710678118654757 -1 0 -0 0 0.70710678118654757 0.70710678118654757 
1 0.90531636403776794 2.4299452878642458 0.60543231160310995 -0.81649658092772948 0.40824829046385974 0.40824829046385974 0.44721359549995426 1.8318679906315075e-015 0.89442719099991763 0.36514837167010783 0.91287092917527835 -0.18257418583505391 
1 1.8099458272453779 0.29540395414519 0.539637095794262 -0.57735026918962917 -0.57735026918961918 -0.57735026918962917 -0.70710678118654768 0 0.70710678118654768 -0.40824829046385835 0.81649658092773081 -0.40824829046385835 
1 0.14523253084373 -0.25066423953158001 -0.68361557017277996 0.81649658092772948 -0.40824829046385974 -0.40824829046385974 0 -0.70710678118654768 0.70710678118654768 -0.57735026918962118 -0.57735026918962817 -0.57735026918962817 
1 0.81026624627478194 1.8699659828522739 2.31976777087301 0.57735026918962917 0.57735026918962917 0.57735026918961918 0.70710678118654335 -4.0245584642661909e-015 -0.70710678118655157 -0.4082482904638654 0.8164965809277237 -0.40824829046386535 
1 0.016783879272661999 3.0933213630454337 2.9519000068079397 -0 0.70710678118654757 -0.70710678118654757 -1 0 0 0 0.70710678118654757 0.70710678118654757 
1 1.0978355801250579 1.4584600385300199 2.4437043813449879 -0.57735026918962917 -0.57735026918962917 -0.57735026918961918 -0.70710678118654768 0.70710678118654768 0 0.40824829046385835 0.40824829046385835 -0.81649658092773081 
1 1.0978355801250579 1.4584600385300199 2.4437043813449879 -0.57735026918962917 -0.57735026918962917 -0.57735026918961918 -0.70710678118654768 0.70710678118654768 0 0.40824829046385835 0.40824829046385835 -0.81649658092773081 
1 0.016783879272661999 3.0933213630454337 2.9519000068079397 -0 0.70710678118654757 -0.70710678118654757 -1 0 0 0 0.70710678118654757 0.70710678118654757 
2 1.23974651 1.0172466207372397 0.73440390826275981 0 -0.70710678118654757 0.70710678118654757 0 0.70710678118654757 0.70710678118654757 -1 0 0 0.080000000000000002
Triangulations 2
8 6 1 1.79700228704023e-013
2.07491495713054 1.53325319955351 1.39183184331601 0.61237243569591 0.07071067811862 -0.07071067811862 -0.61237243569591 0.07071067811862 -0.07071067811862 -2.07491495713054 1.53325319955351 1.39183184331601 -1.25841837620292 1.94150149001719 1.80008013377995 -0.473414001931088 1.15649711574562 1.01507575950812 0.473414001931088 1.15649711574562 1.01507575950812 1.25841837620292 1.94150149001719 1.80008013377995 0.0463734408808221 -0.00689449156438915 1.50891596231546 -2.07524196092477 2.73366083370728 -2.07524196092477 4.19620335514191 -0.00689449156438915 3.37970677421428 0.570455777625166 2.59470239994245 -0.539708054992081 1.64787439608028 -0.539708054992081 0.862870021808448 0.570455777625166 7 1 2 7 2 3 8 1 7 6 7 3 4 5 6 4 6 3 
4 2 1 1.7366663662699e-013
1.25841837620292 1.94150149001719 1.80008013377995 1.25841837620292 1.80008013377995 1.94150149001719 0.473414001931088 1.15649711574562 1.01507575950812 0.473414001931088 1.01507575950812 1.15649711574562 1.22643751626245 -0.535063372308554 1.35292862266912 -0.689982706156775 0.173243630158549 -1.39499257936614 0.299734736565449 -1.54991191321464 2 3 4 1 3 2 

TShapes 21
Ve
1.00005e-007
0.473414001931088 1.15649711574562 1.01507575950812
0 0

0101101
*
Ve
1.00005e-007
1.25841837620292 1.94150149001719 1.80008013377995
0 0

0101101
*
Ed
 1.00005e-007 1 1 0
1  1 0 0 1.35966746040248
6  1 1 0
6  2 2 0
2  1 2 0 0 1.35966746040248
2  2 3 0 0 1.35966746040248
2  3 1 6 0 1.35966746040248
0

0101000
+21 0 -20 0 *
Ve
1.00005e-007
1.28991058285884 0.748248825281647 0.606827469044338
0 0

0101101
*
Ed
 1.00005e-007 1 1 0
1  2 0 0.0999999999998597 1.0999999999999
2  4 1 0 0.0999999999998597 1.0999999999999
2  5 4 0 0.0999999999998597 1.0999999999999
2  6 2 7 0.0999999999998597 1.0999999999999
0

0101000
+18 8 -21 7 *
Ve
1.00005e-007
2.07491495713054 1.53325319955351 1.39183184331601
0 0

0101101
*
Ed
 1.00005e-007 1 1 0
1  3 0 -0 1.35966746040248
2  7 2 0 -0 1.35966746040248
2  8 5 0 -0 1.35966746040248
2  9 1 6 -0 1.35966746040248
0

0101000
+16 0 -18 9 *
Ve
1.00005e-007
2.06666666666678 1.53737734478526 1.39595598854802
0 0

0101101
*
Ed
 1.00005e-007 1 1 0
1  4 0 0.989897948556637 0.999999999999877
2  10 2 0 0.989897948556637 0.999999999999877
2  11 6 0 0.989897948556637 0.999999999999877
2  12 1 6 0.989897948556637 0.999999999999877
0

0101000
+14 11 -16 0 *
Ve
1.00005e-007
2.0249030876701 1.55825913428373 1.41683777804623
0 0

0101101
*
Ed
 1.00005e-007 1 1 0
1  5 0 0 0.0511497291871386
2  13 7 0 0 0.0511497291871386
2  14 8 0 0 0.0511497291871386
2  15 2 13 0 0.0511497291871386
2  16 6 13 0 0.0511497291871386
2  17 1 14 0 0.0511497291871386
0

0101000
+14 0 -12 0 *
Ve
1.00005e-007
1.30843024566336 1.91649555528697 1.77507419904973
0 0

0101101
*
Ed
 1.00005e-007 1 1 0
1  4 0 0.0612517806303795 0.938748219369498
2  10 2 0 0.0612517806303795 0.938748219369498
2  11 6 0 0.0612517806303795 0.938748219369498
2  18 1 6 0.0612517806303795 0.938748219369498
0

0101000
+10 11 -12 11 *
Ve
1.00005e-007
1.26666666666668 1.93737734478544 1.79595598854795
0 0

0101101
*
Ed
 1.00005e-007 1 1 0
1  6 0 0 0.051149729187139
2  19 9 0 0 0.051149729187139
2  20 10 0 0 0.051149729187139
2  21 2 13 0 0.051149729187139
2  22 6 13 0 0.051149729187139
2  23 1 14 0 0.051149729187139
0

0101000
+10 0 -8 0 *
Ed
 1.00005e-007 1 1 0
1  4 0 0 0.0101020514432405
2  10 2 0 0 0.0101020514432405
2  11 6 0 0 0.0101020514432405
2  24 1 6 0 0.0101020514432405
0

0101000
+20 0 -8 11 *
Wi

0101100
-19 5 -17 3 -15 5 -13 5 +11 12 -9 5 +7 12 -6 5 *
Ve
1.00005e-007
1.23974651 1.00310448511367 0.861683128876177
0 0

0101101
*
Ed
 1.00005e-007 1 1 0
1  7 0 0 6.28318530717959
2  25 1 3 0 6.28318530717959
2  26 11 0 0 6.28318530717959
0

0101000
+4 0 -4 0 *
Wi

0101000
-3 0 *
Fa
0  1e-007 1 3

1111000
+5 0 +2 0 *

+1 0 
0

