DBRep_DrawableShape

CASCADE Topology V1, (c) Matra-Datavision
Locations 16
1
              1               0               0               5 
              0               1               0              -5 
              0               0               1               5 
1
              1               0               0               0 
              0 0.996194698091746 -0.0871557427476582 0.416752204197018 
              0 0.0871557427476582 0.996194698091746 0.454805223279563 
1
0.996194698091746               0 -0.0871557427476582 0.454805223279563 
              0               1               0               0 
0.0871557427476582               0 0.996194698091746 -0.416752204197018 
1
0.996194698091746               0 0.0871557427476582 -0.416752204197018 
              0               1               0               0 
-0.0871557427476582               0 0.996194698091746 0.454805223279563 
1
              1               0               0               0 
              0 0.996194698091746 0.0871557427476582 -0.454805223279563 
              0 -0.0871557427476582 0.996194698091746 -0.416752204197018 
1
              1               0               0               0 
              0 0.999961923064171 -0.00872653549837393 0.0434422928127258 
              0 0.00872653549837393 0.999961923064171 0.0438230621710129 
1
0.999961923064171               0 -0.00872653549837393 0.0438230621710129 
              0               1               0               0 
0.00872653549837393               0 0.999961923064171 -0.0434422928127258 
1
0.999847695156391               0 -0.0174524064372835 0.0880235564044618 
              0               1               0               0 
0.0174524064372835               0 0.999847695156391 -0.0865005079683741 
1
              1               0               0               0 
              0 0.999847695156391 -0.0174524064372835 0.0865005079683741 
              0 0.0174524064372835 0.999847695156391 0.0880235564044618 
1
              1               0               0               0 
              0 0.999847695156391 -0.0174524064372835 0.0865005079683741 
              0 0.0174524064372835 0.999847695156391 0.0880235564044618 
1
0.999390827019096               0 -0.034899496702501 0.177543348417027 
              0               1               0               0 
0.034899496702501               0 0.999390827019096 -0.171451618607984 
1
0.999390827019096               0 -0.034899496702501 0.177543348417027 
              0               1               0               0 
0.034899496702501               0 0.999390827019096 -0.171451618607984 
1
              1               0               0               0 
              0 0.999847695156391 -0.0174524064372835 0.0865005079683741 
              0 0.0174524064372835 0.999847695156391 0.0880235564044618 
1
              1               0               0               0 
              0 0.996194698091746 0.0871557427476582 -0.454805223279563 
              0 -0.0871557427476582 0.996194698091746 -0.416752204197018 
1
              1               0               0               0 
              0 0.996194698091746 0.0871557427476582 -0.454805223279563 
              0 -0.0871557427476582 0.996194698091746 -0.416752204197018 
2  1 1 2 1 3 1 4 1 5 1 6 1 7 1 8 1 9 1 10 1 11 1 12 1 13 1 14 1 15 1 0
Curve2ds 8
7 0 0  7 26 5  0 0.91203073874016116  0.046488170951069149 0.84561226631753394  0.092971705065363161 0.77920127004723605  0.1395920941574034 0.71299698069704165  0.18648476348447013 0.64721408025818206  0.23378591721245309 0.58208821579603398  0.28164786108639989 0.5178922990010465  0.37943440093451208 0.39131432903597491  0.42933453299900981 0.32901534035577223  0.48020116698356846 0.26836317575639862  0.53225267734877957 0.2097984116159255  0.58572722466050919 0.15397246504777767  0.6408810820855978 0.10172629741055754  0.75055601494684177 0.011115229468188451  0.80451604757147976 -0.027870362842213198  0.86060529028278965 -0.061792551020066977  0.91909812967503901 -0.089024629849023859  0.97997551104243308 -0.10716629219921087  1.042961473131945 -0.11297090348538145  1.1669243375612133 -0.093303215841250023  1.2282374897861374 -0.069909928076856698  1.2881732825797487 -0.029599821008628444  1.3445589236359567 0.028180365296995177  1.3955788982011599 0.10175430142466295  1.4396111232691129 0.18774717172106936  1.4758608528925596 0.28046650466943746 
 1.1751261804024376e-09 8 0.18593062004905891 6 0.37399020697339957 6 0.54609273132073355 6 0.70616684640383576 8
7 0 0  7 26 5  1.457225484714666 7.436904182804839  1.3918108492853014 7.3441415537739383  1.3264025747420161 7.2513887218302804  1.2607456057968369 7.1586908081295286  1.1945918072347788 7.0661094881075588  1.127687603642721 6.9737213276420684  1.0597435644687894 6.881613993270066  0.92023413619049954 6.6970962984635198  0.848695946892283 6.604773339238446  0.77532813930903632 6.5129311634746578  0.69968994306727872 6.4217118352708713  0.62124810262518171 6.3313745673584387  0.53939065430414335 6.2422885359714693  0.37395150461876003 6.0749650733548446  0.29143359748886155 5.9967813630138602  0.20424663614819139 5.9202894438856815  0.1114519844586308 5.8462527160530007  0.012281584450591687 5.7760903326616813  -0.094041682462671972 5.7117390771928704  -0.31456859377665936 5.6022006376854598  -0.42859854012359833 5.5555428978083699  -0.5471500784264709 5.5186713100924196  -0.6681947537925339 5.4923628592805169  -0.79004386131481574 5.4752249618326267  -0.91104630226481831 5.4648731222089895  -1.0281567275308894 5.4590768498879507 
 1.1751261804024376e-09 8 0.18593062004905891 6 0.37399020697339957 6 0.54609273132073355 6 0.70616684640383576 8
1 0 0 0 1 
1 2.5731061189603368 5.6076629561680411 -0.01415250426088013 0.999899848296391 
7 0 0  8 9 2  0.98581323860394032 -0.09951593293787997  1.0470691911400176 -0.11177790442715704  1.1083251426763354 -0.12449780001435329  1.1695810942037497 -0.13760550867084476  1.2308370457594719 -0.15102725355245639  1.292092997274267 -0.16468643397365668  1.3533489488215764 -0.17850454081462885  1.4146049003564802 -0.1924021108760425  1.4758608528925576 -0.20629968116475417 
 1.0807487125062774 9 1.5707963267948954 9
3 4.3891273424101929 -1.9800000000000004 1 4.1633363423443364e-17 -4.1633363423443364e-17 1 1.9929558949936612 1.98
8 0 1.4758608528925594
1 0 5.4274079132233961 1 0 
8 0 1.4758608528925594
1 0 -0.20629968116476483 1 0 
Curves 4
8 1.1751261804024376e-09 0.70616684640383576
7 0 0  7 26 5  2.5601986000442629 6.5196023534759737 10  2.6531760465725198 6.454493223971264 10.000000075648297  2.7461436718069234 6.3893914323578818 9.9950074830712037  2.839055700620809 6.3244955814613357 9.9850254264000515  2.9318497534267061 6.2600194918599801 9.969988559539356  3.0244484917953769 6.1961977395799313 9.9497783782384079  3.1167633544273685 6.133302010157232 9.924210689764541  3.3016901223960451 6.009328800935684 9.8614222022909122  3.39421435668954 5.9483331530575061 9.8240982759283053  3.4862524062950233 5.8889776127888673 9.7807119559135529  3.5776607626709582 5.8317007694280276 9.7308597123256941  3.6681780794219176 5.7771504062590946 9.6740270931413157  3.7574324272326125 5.7261623046143164 9.6096334015648814  3.9250472749335072 5.6379145683570959 9.4700452456693274  4.0033560993426471 5.6000334481590919 9.3965078241097686  4.0799565344598729 5.5671920588445172 9.315180732786196  4.154079856838071 5.5410063881118328 9.2252662828768024  4.224299070419324 5.523856785919163 9.1264458580985135  4.288666784177555 5.5189626488200529 9.0191585305317297  4.398135971814968 5.5401817247352598 8.7996202966891577  4.4447147846854538 5.5642366284868636 8.6873497375367528  4.4814521614504663 5.6050707510432183 8.5740903028442972  4.5075693281325595 5.6632263850474338 8.4652536776934504  4.524464329085955 5.7370468209904866 8.3656458032200103  4.5345326709094413 5.8231908110048112 8.2791412729848251  4.540023490791711 5.9159971475176656 8.207690007923226 
 0 8 0.2632955938531984 6 0.5296060107114593 6 0.77331969609638329 6 1 8
1 2.5731061189603368 5.6076629561680411 10 -0.01415250426088013 0.999899848296391 0 
8 1.0807487125062774 1.5707963267948954
3 2.5760257760770391 5.4013839362678091 8.0199999999999996 -0.0032704037939233778 0.9935523777495836 -0.11332685968989704 -0.095778380975190383 0.11249524019944872 0.98902544086097188 0.99539731072411286 0.014088775696179365 0.094792933294559262 1.9929558949936612 1.98
2 2.5760257760770395 5.4013839362678002 8.0199999999999996 -0.01415250426088013 0.999899848296391 0 0 0 1 0.999899848296391 0.01415250426088013 -0 1.98
Polygon3D 0
PolygonOnTriangulations 0
Surfaces 5
2 2.5731061189603368 5.6076629561680411 8.0199999999999996 -0.01415250426088013 0.999899848296391 0 0 0 1 0.999899848296391 0.01415250426088013 -0 1.98
2 9.9970624944817779 6.5440817291172975 9 -0.9999945826399963 -0.0032916091292299601 0 0.0032704037939233726 -0.9935523777495836 0.11332685968989711 -0.00037302772594222799 0.11332624575750005 0.99355776020965503 1
1 0 0 10 0 0 1 1 0 -0 -0 1 0 
1 0 10 0 -0 1 0 0 0 1 1 0 -0 
2 2.652837189694468 -0.025480412806906376 8.0199999999999996 -0.01415250426088013 0.999899848296391 0 0 0 1 0.999899848296391 0.01415250426088013 -0 1.98
Triangulations 0

TShapes 10
Ve
1.54955656367176
2.56019860013003 6.51960234741619 10
0 0

0101101
*
Ve
2.06607539421093
4.22511761981268 5.53151947622106 9.11332686734858
0 0

0101101
*
Ed
 1.54955656367176 1 1 0
1  1 0 1.17512618040244e-09 0.706166846403836
2  1 1 0 1.17512618040244e-09 0.706166846403836
2  2 2 0 1.17512618040244e-09 0.706166846403836
0

0101000
+10 0 -9 0 *
Ve
1e-07
2.57602577607704 5.4013839362678 10
0 0

0101101
*
Ed
 1e-07 1 1 0
1  2 0 -0.206299681164765 0.912030732679766
2  3 1 0 -0.206299681164765 0.912030732679766
2  4 3 0 -0.206299681164765 0.912030732679766
4 G1 1 0 3 0
0

0101000
+7 0 -10 0 *
Ve
1e-07
4.54691245131078 5.42927971214623 8.20769000792323
0 0

0101101
*
Ed
 1e-07 1 1 0
1  3 0 1.08074871250628 1.5707963267949
2  5 1 0 1.08074871250628 1.5707963267949
2  6 4 16 1.08074871250628 1.5707963267949
0

0101000
+9 0 -5 0 *
Ed
 1e-07 1 1 0
1  4 0 0 1.47586085289256
2  7 5 0 0 1.47586085289256
2  8 1 0 0 1.47586085289256
4 G1 5 0 1 0
0

0101100
+7 0 -5 0 *
Wi

0101100
-8 0 -6 0 -4 0 +3 0 *
Fa
0  0 1 0

0111000
+2 0 *

+1 0 
0

