DBRep_DrawableShape

CASCADE Topology V1, (c) Matra-Datavision
Locations 2
1
              1               0               0 35.4734503527011 
              0               1               0 0.00319557307058109 
              0               0               1 -27.688161902251 
2  1 -1 0
Curve2ds 2
1 0 0 1 0 
1 0 -44.999999996249997 1 0 
Curves 4
1 11.43073272705 15.5 36.975234985349999 0 -1 0 
1 11.43073272705 12.99998474121 36.975234985349999 0.61564838482888795 8.900915704895756e-06 0.78802098079832583 
2 11.89185333252 14.24999046326 37.566734313959998 -0.78801084050222048 0 0.61566136410447592 8.4130257535325162e-07 -0.9999999999990663 1.0768185047393958e-06 0.61566136410390104 1.366502146154627e-06 0.78801084050148473 1.2500005217750001
1 11.89186096191 15.499989509580001 37.56674194336 -0.61482053653795199 2.5431046363175524e-06 -0.78866704498458506 
Polygon3D 0
PolygonOnTriangulations 0
Surfaces 2
1 11.77243209949598 14.249934219275408 37.413129074294034 0.78829889679238219 7.1012734907719753e-05 -0.61529248676796355 0.61529248831936478 0 0.78829889878000237 5.5979260727111722e-05 -0.9999999974785958 -4.3693602363734308e-05 
6 -0.7882988967923823 -7.1012734907719753e-05 0.61529248676796355 
2 11.89185333252 14.24999046326 37.566734313959998 -0.78801084050222059 -1.0587911840678754e-22 0.61566136410447581 8.4130257535325183e-07 -0.9999999999990663 1.0768185047393965e-06 0.61566136410390093 1.3665021461546279e-06 0.78801084050148484 1.2500005217750001
Triangulations 0

TShapes 10
Ve
0.00300574188198685
11.43073654175 15.499995708465 36.97523498535
0 0

0101101
*
Ve
0.003
11.43073272705 12.99998474121 36.97523498535
0 0

0101101
*
Ed
 0.003 1 1 0
1  1 0 0 2.50001525879
0

0101000
+10 0 -9 0 *
Ve
0.00339144792982195
11.8921628488143 12.9999906792081 37.5664946610468
0 0

0101101
*
Ed
 0.003 1 1 0
1  2 0 0 0.750003732338768
0

0101000
+9 0 -7 0 *
Ve
0.00338594663401355
11.8920980556108 15.4999901248149 37.567046477435
0 0

0101101
*
Ed
 0.003 1 1 0
1  3 0 0 3.14096520703779
2  1 2 0 0 3.14096520703779
2  2 2 2 0 3.14096520703779
0

0101000
+7 0 -5 0 *
Ed
 0.003 1 1 0
1  4 0 0 0.750008462724041
0

0101000
+5 0 -10 0 *
Wi

0101100
+8 0 +6 0 +4 0 +3 0 *
Fa
0  0.003 1 0

0111100
-2 0 *

+1 1 
0

