DBRep_DrawableShape

CASCADE Topology V1, (c) Matra-Datavision
Locations 0
Curve2ds 0
Curves 12
1 10 100 0 1 0 0 
2 10 90 0 0 0 -1 -0.349065217944885 -0.937098433261464 0 -0.937098433261464 0.349065217944885 0 10
1 0 10 0 0 1 0 
2 10 10 0 0 0 -1 0.996249148156859 -0.0865311203945288 0 -0.0865311203945288 -0.996249148156859 0 10
1 140 0 0 -1 0 0 
2 140 10 0 0 0 -1 0.220948665627665 0.975285438811302 0 0.975285438811302 -0.220948665627665 0 10
1 150 40 0 0 -1 0 
2 160 40 0 0 0 1 0.96869413923875 0.248257254887942 0 -0.248257254887942 0.96869413923875 0 10
1 190 50 0 -1 0 0 
2 190 60 0 0 0 -1 0.195157902833554 0.98077183532237 0 0.98077183532237 -0.195157902833554 0 10
1 200 90 0 0 -1 0 
2 190 90 0 0 0 -1 -0.932014387432143 0.36242127644426 0 0.36242127644426 0.932014387432143 0 10
Polygon3D 0
PolygonOnTriangulations 12
2 1 2 
p 0.881647844525848 1 0 180 
10 3 4 5 6 7 8 9 10 11 1 
p 0.881647844525848 1 1.21422293684998 1.38875586204941 1.56328878724885 1.73782171244828 1.91235463764771 2.08688756284714 2.26142048804658 2.43595341324601 2.61048633844544 2.78501926364488 
2 12 3 
p 0.881647844525848 1 0 80 
9 13 14 15 16 17 18 19 20 12 
p 0.881647844525848 1 1.48415685534863 1.68050639619799 1.87685593704735 2.07320547789671 2.26955501874607 2.46590455959544 2.6622541004448 2.85860364129416 3.05495318214352 
2 21 13 
p 0.881647844525848 1 0 130 
10 22 23 24 25 26 27 28 29 30 21 
p 0.881647844525848 1 1.3480092576757 1.52254218287513 1.69707510807456 1.871608033274 2.04614095847343 2.22067388367286 2.3952068088723 2.56973973407173 2.74427265927116 2.9188055844706 
2 31 22 
p 0.881647844525848 1 0 30 
9 32 33 34 35 36 37 38 39 31 
p 0.881647844525848 1 1.31991555399463 1.51626509484399 1.71261463569335 1.90896417654271 2.10531371739207 2.30166325824143 2.4980127990908 2.69436233994016 2.89071188078952 
2 40 32 
p 0.881647844525848 1 0 30 
10 41 42 43 44 45 46 47 48 49 40 
p 0.881647844525848 1 1.37437788066936 1.54891080586879 1.72344373106822 1.89797665626766 2.07250958146709 2.24704250666652 2.42157543186595 2.59610835706539 2.77064128226482 2.94517420746425 
2 50 41 
p 0.881647844525848 1 0 30 
10 2 51 52 53 54 55 56 57 58 50 
p 0.881647844525848 1 1.19993184533763 1.37446477053706 1.54899769573649 1.72353062093593 1.89806354613536 2.07259647133479 2.24712939653423 2.42166232173366 2.59619524693309 2.77072817213252 
Surfaces 1
1 0 0 0 0 0 1 1 0 0 0 1 0 
Triangulations 1
59 58 1 0.881647844525848
10 100 0 190 100 0 0 90 0 0.151922469877919 91.7364817766693 0 0.603073792140917 93.4202014332567 0 1.33974596215561 95 0 2.33955556881022 96.4278760968654 0 3.57212390313461 97.6604444311898 0 5 98.6602540378444 0 6.57979856674331 99.3969262078591 0 8.26351822333069 99.8480775301221 0 0 10 0 10 0 0 8.04909677983872 0.192147195967694 0 6.1731656763491 0.76120467488713 0 4.44429766980398 1.68530387697455 0 2.92893218813453 2.92893218813452 0 1.68530387697455 4.44429766980397 0 0.761204674887134 6.1731656763491 0 0.192147195967696 8.04909677983871 0 140 0 0 150 10 0 149.848077530122 8.2635182233307 0 149.396926207859 6.57979856674331 0 148.660254037844 5 0 147.66044443119 3.5721239031346 0 146.427876096865 2.33955556881022 0 145 1.33974596215561 0 143.420201433257 0.603073792140918 0 141.736481776669 0.151922469877919 0 150 40 0 160 50 0 158.049096779839 49.8078528040323 0 156.173165676349 49.2387953251129 0 154.444297669804 48.3146961230255 0 152.928932188135 47.0710678118655 0 151.685303876975 45.555702330196 0 150.761204674887 43.8268343236509 0 150.192147195968 41.9509032201613 0 190 50 0 200 60 0 199.848077530122 58.2635182233307 0 199.396926207859 56.5797985667433 0 198.660254037844 55 0 197.66044443119 53.5721239031346 0 196.427876096865 52.3395555688102 0 195 51.3397459621556 0 193.420201433257 50.6030737921409 0 191.736481776669 50.1519224698779 0 200 90 0 191.736481776669 99.8480775301221 0 193.420201433257 99.3969262078591 0 195 98.6602540378444 0 196.427876096865 97.6604444311898 0 197.66044443119 96.4278760968654 0 198.660254037844 95 0 199.396926207859 93.4202014332567 0 199.848077530122 91.7364817766693 0 100 50 0 10 100 190 100 0 90 0.151922469877917 91.7364817766693 0.603073792140915 93.4202014332567 1.33974596215561 95 2.33955556881022 96.4278760968654 3.57212390313461 97.6604444311898 5 98.6602540378444 6.57979856674331 99.3969262078591 8.26351822333069 99.8480775301221 0 10 10 0 8.04909677983872 0.192147195967694 6.1731656763491 0.76120467488713 4.44429766980398 1.68530387697455 2.92893218813453 2.92893218813452 1.68530387697455 4.44429766980397 0.761204674887134 6.1731656763491 0.192147195967696 8.04909677983871 140 0 150 10 149.848077530122 8.2635182233307 149.396926207859 6.57979856674331 148.660254037844 5 147.66044443119 3.5721239031346 146.427876096865 2.33955556881022 145 1.33974596215561 143.420201433257 0.603073792140918 141.736481776669 0.151922469877919 150 40 160 50 158.049096779839 49.8078528040323 156.173165676349 49.2387953251129 154.444297669804 48.3146961230254 152.928932188135 47.0710678118655 151.685303876975 45.555702330196 150.761204674887 43.8268343236509 150.192147195968 41.9509032201613 190 50 200 60 199.848077530122 58.2635182233307 199.396926207859 56.5797985667433 198.660254037844 55 197.66044443119 53.5721239031346 196.427876096865 52.3395555688102 195 51.3397459621556 193.420201433257 50.6030737921409 191.736481776669 50.1519224698779 200 90 191.736481776669 99.8480775301221 193.420201433257 99.3969262078591 195 98.6602540378444 196.427876096865 97.6604444311898 197.66044443119 96.4278760968654 198.660254037844 95 199.396926207859 93.4202014332567 199.848077530122 91.7364817766693 100 50 15 14 13 15 13 16 19 18 16 17 16 18 19 16 13 19 13 12 21 30 29 21 29 26 28 27 26 21 26 22 26 29 28 59 13 21 25 24 26 7 3 9 12 59 3 4 3 5 6 5 3 7 6 3 20 19 12 1 9 3 3 59 1 21 31 59 59 12 13 23 22 24 10 9 1 1 11 10 8 7 9 59 2 1 22 26 24 31 39 59 22 31 21 38 37 59 34 59 35 35 59 36 39 38 59 34 33 2 41 32 40 33 32 2 49 48 47 49 47 45 40 49 41 47 46 45 34 2 59 2 50 54 54 56 55 2 32 41 51 2 52 53 52 2 2 54 53 41 49 45 43 41 45 42 41 43 41 50 2 57 56 58 58 56 54 50 58 54 44 43 45 36 59 37 

TShapes 26
Ve
1e-007
10 100 0
0 0

0101100
*
Ve
1e-007
190 100 0
0 0

0101100
*
Ed
 1e-007 1 1 0
1  1 0 0 180
6  1 1 0
0

0101000
+26 0 -25 0 *
Ve
1e-007
0 90 0
0 0

0101100
*
Ed
 1e-007 1 1 0
1  2 0 1.21422293684998 2.78501926364488
6  2 1 0
0

0101000
+23 0 -26 0 *
Ve
1e-007
0 10 0
0 0

0101100
*
Ed
 1e-007 1 1 0
1  3 0 0 80
6  3 1 0
0

0101000
+21 0 -23 0 *
Ve
1e-007
10 0 0
0 0

0101100
*
Ed
 1e-007 1 1 0
1  4 0 1.48415685534863 3.05495318214352
6  4 1 0
0

0101000
+19 0 -21 0 *
Ve
1e-007
140 0 0
0 0

0101100
*
Ed
 1e-007 1 1 0
1  5 0 0 130
6  5 1 0
0

0101000
+17 0 -19 0 *
Ve
1e-007
150 10 0
0 0

0101100
*
Ed
 1e-007 1 1 0
1  6 0 1.3480092576757 2.9188055844706
6  6 1 0
0

0101000
+15 0 -17 0 *
Ve
1e-007
150 40 0
0 0

0101100
*
Ed
 1e-007 1 1 0
1  7 0 0 30
6  7 1 0
0

0101000
+13 0 -15 0 *
Ve
1e-007
160 50 0
0 0

0101100
*
Ed
 1e-007 1 1 0
1  8 0 1.31991555399463 2.89071188078952
6  8 1 0
0

0101000
+11 0 -13 0 *
Ve
1e-007
190 50 0
0 0

0101100
*
Ed
 1e-007 1 1 0
1  9 0 0 30
6  9 1 0
0

0101000
+9 0 -11 0 *
Ve
1e-007
200 60 0
0 0

0101100
*
Ed
 1e-007 1 1 0
1  10 0 1.37437788066936 2.94517420746425
6  10 1 0
0

0101000
+7 0 -9 0 *
Ve
1e-007
200 90 0
0 0

0101100
*
Ed
 1e-007 1 1 0
1  11 0 0 30
6  11 1 0
0

0101000
+5 0 -7 0 *
Ed
 1e-007 1 1 0
1  12 0 1.19993184533763 2.77072817213252
6  12 1 0
0

0101000
+25 0 -5 0 *
Wi

0101100
+24 0 +22 0 +20 0 +18 0 +16 0 +14 0 +12 0 +10 0 +8 0 +6 0 
+4 0 +3 0 *
Fa
0  1e-007 1 0
2  1
1101000
-2 0 *

+1 0 