DBRep_DrawableShape

CASCADE Topology V1, (c) Matra-Datavision
Locations 2
1
              1               0               0               0 
              0               1               0              63 
              0               0               1               0 
2  1 -1 0
Curve2ds 28
1 1.5533430362728 0 0 1 
1 -77.934936505266293 -18.679491924311201 0 1 
1 1.5533430362728 0 0 1 
1 13.934937093061 1.2034570602101799e-16 -6.1232339957367697e-17 -1 
1 0 4.7123889803846897 1 0 
2 -102 -18.679491924311201 0.78571428571428581 -0.61858957413174187 0.61858957413174187 0.78571428571428581 24.0650634947337
1 0 1.5707963267949001 1 0 
2 4.0000005877946698 -77.000000158491403 1 0 0 -1 9.9349365052663696
1 0 1.5707963267949001 1 0 
2 -80 -36 -0.32253550601354802 -0.94655736612240504 -0.94655736612240504 0.32253550601354802 3.9349365052663301
1 0 4.7123889803846897 1 0 
2 -10.875000085798799 -93.209082642105102 0.67613639425424898 0.73677647652789702 -0.73677647652789702 0.67613639425424898 12.0650634947337
1 0 4.7123889803846897 1 0 
2 -89.676065180406496 -64.396720983672097 0.98920217268021804 0.146557366122404 -0.146557366122404 0.98920217268021804 26.0650634947337
1 0 1.5707963267948899 1 0 
2 -16.000000188037799 -76.999999572663796 0.30147059424934902 -0.95347547467302196 -0.95347547467302196 -0.30147059424934902 4.9349365052663297
1 0 1.5707963267948899 1 0 
2 -60 -60 -0.027500425089866502 -0.99962179178921295 -0.99962179178921295 0.027500425089866502 3.93493650526639
1 0 4.7123889803847003 1 0 
2 -23.967939765100802 -92.017054506846804 0.46870232806253387 0.88335617259900379 -0.88335617259900379 0.46870232806253387 12.0650634947337
1 0 4.7123889803846897 1 0 
2 -60.495007651617598 -77.993192252205802 0.91147103833044774 0.41136425012975492 -0.41136425012975492 0.91147103833044774 14.0650634947337
1 0 1.5707963267949001 1 0 
2 -30.000000488593201 -74.0000002684842 0.31747688018380793 -0.94826601254540177 -0.94826601254540177 -0.31747688018380793 6.9349365052663297
1 0 1.5707963267949001 1 0 
2 -45 -71 -0.039063080334288895 -0.99923674659952177 -0.99923674659952177 0.039063080334288895 2.9349365052660801
1 0 4.7123889803846897 1 0 
2 -45.664072365682003 -87.987024692191895 0.74590818462327668 0.66604878208131868 -0.66604878208131868 0.74590818462327668 14.0650634947337
Curves 15
1 0 -207 0 0 0 1 
1 -18.679491924311201 -144 -77.934936505266293 1 -0 0 
1 1.2034570602101799e-16 -144 13.934937093061 -1 0 -6.1232339957367697e-17 
2 -18.679491924311201 -144 -102 0 1 0 -0.61858957413174187 0 0.78571428571428581 0.78571428571428581 -0 0.61858957413174187 24.0650634947337
2 -77.000000158491403 -144 4.0000005877946698 -0 -1 -0 0 -0 1 -1 0 0 9.9349365052663696
2 -36 -144 -80 -0 -1 -0 -0.94655736612240504 0 -0.32253550601354802 0.32253550601354802 0 -0.94655736612240504 3.9349365052663301
2 -93.209082642105102 -144 -10.875000085798799 0 1 0 0.73677647652789702 -0 0.67613639425424898 0.67613639425424898 0 -0.73677647652789702 12.0650634947337
2 -64.396720983672097 -144 -89.676065180406496 0 1 0 0.146557366122404 -0 0.98920217268021804 0.98920217268021804 0 -0.146557366122404 26.0650634947337
2 -76.999999572663796 -144 -16.000000188037799 -0 -1 -0 -0.95347547467302163 0 0.30147059424934997 -0.30147059424934997 0 -0.95347547467302163 4.9349365052663297
2 -60 -144 -60 -0 -1 -0 -0.99962179178921307 0 -0.027500425089865905 0.027500425089865905 0 -0.99962179178921307 3.93493650526639
2 -92.017054506846804 -144 -23.967939765100802 0 1 0 0.88335617259900356 -0 0.46870232806253431 0.46870232806253431 0 -0.88335617259900356 12.0650634947337
2 -77.993192252205802 -144 -60.495007651617598 0 1 0 0.41136425012975492 -0 0.91147103833044774 0.91147103833044774 0 -0.41136425012975492 14.0650634947337
2 -74.0000002684842 -144 -30.000000488593201 -0 -1 -0 -0.94826601254540177 0 0.31747688018380793 -0.31747688018380793 0 -0.94826601254540177 6.9349365052663297
2 -71 -144 -45 -0 -1 -0 -0.99923674659952189 0 -0.039063080334288597 0.039063080334288597 0 -0.99923674659952189 2.9349365052660801
2 -87.987024692191895 -144 -45.664072365682003 0 1 0 0.66604878208131812 -0 0.74590818462327713 0.74590818462327713 0 -0.66604878208131812 14.0650634947337
Polygon3D 0
PolygonOnTriangulations 30
2 6 8 
p 0.42437736786744 1 -77.9349365052663 13.934937093061 
2 1 2 
p 0.42437736786744 1 -77.9349365052663 13.934937093061 
2 5 7 
p 0.42437736786744 1 0 18.6794919243112 
2 3 1 
p 0.42437736786744 1 0 18.6794919243112 
2 5 7 
p 0.42437736786744 1 1.20345706021018e-16 77.0000001584914 
2 2 4 
p 0.42437736786744 1 1.20345706021018e-16 77.0000001584914 
4 5 10 11 9 
p 0.42437736786744 1 0 0.222315448167888 0.444630896335776 0.666946344503664 
4 5 6 7 3 
p 0.42437736786744 1 0 0.222315448167888 0.444630896335776 0.666946344503664 
14 5 20 21 22 23 24 25 26 27 28 29 30 31 19 
p 0.42437736786744 1 -0 0.177946332791744 0.355892665583488 0.533838998375232 0.711785331166976 0.88973166395872 1.06767799675046 1.24562432954221 1.42357066233395 1.6015169951257 1.77946332791744 1.95740966070918 2.13535599350093 2.31330232629267 
14 4 8 9 10 11 12 13 14 15 16 17 18 19 20 
p 0.42437736786744 1 -0 0.177946332791744 0.355892665583488 0.533838998375232 0.711785331166976 0.88973166395872 1.06767799675046 1.24562432954221 1.42357066233395 1.6015169951257 1.77946332791744 1.95740966070918 2.13535599350093 2.31330232629267 
6 2 12 13 14 15 11 
p 0.266647492421317 1 3.5527136788005e-15 0.381867148292002 0.763734296584001 1.145601444876 1.527468593168 1.90933574146 
6 21 22 23 24 25 5 
p 0.42437736786744 1 3.5527136788005e-15 0.381867148292002 0.763734296584001 1.145601444876 1.527468593168 1.90933574146 
7 5 10 11 12 13 14 9 
p 0.42437736786744 1 2.22044604925031e-16 0.174790104941874 0.349580209883747 0.52437031482562 0.699160419767494 0.873950524709367 1.04874062965124 
7 20 26 27 28 29 30 31 
p 0.42437736786744 1 2.22044604925031e-16 0.174790104941874 0.349580209883747 0.52437031482562 0.699160419767494 0.873950524709367 1.04874062965124 
7 5 13 14 15 16 17 12 
p 0.42437736786744 1 -7.7715611723761e-16 0.182550373586542 0.365100747173085 0.547651120759627 0.73020149434617 0.912751867932713 1.09530224151926 
7 32 33 34 35 36 37 21 
p 0.42437736786744 1 -7.7715611723761e-16 0.182550373586542 0.365100747173085 0.547651120759627 0.73020149434617 0.912751867932713 1.09530224151926 
4 5 10 11 9 
p 0.164556287728521 1 -0 0.264685270028438 0.529370540056876 0.794055810085315 
4 31 38 39 40 
p 0.42437736786744 1 -0 0.264685270028438 0.529370540056876 0.794055810085315 
4 2 10 11 9 
p 0.164197713904954 1 1.77635683940025e-15 0.46540175959373 0.930803519187459 1.39620527878119 
4 41 42 43 32 
p 0.42437736786744 1 1.77635683940025e-15 0.46540175959373 0.930803519187459 1.39620527878119 
4 5 10 11 9 
p 0.410672686934606 1 8.88178419700125e-16 0.270296235239942 0.540592470479883 0.810888705719824 
4 40 44 45 46 
p 0.42437736786744 1 8.88178419700125e-16 0.270296235239942 0.540592470479883 0.810888705719824 
7 5 10 11 12 13 14 9 
p 0.42437736786744 1 5.55111512312578e-17 0.186557020041855 0.373114040083709 0.559671060125564 0.746228080167419 0.932785100209274 1.11934212025113 
7 47 48 49 50 51 52 41 
p 0.42437736786744 1 5.55111512312578e-17 0.186557020041855 0.373114040083709 0.559671060125564 0.746228080167419 0.932785100209274 1.11934212025113 
4 5 10 11 9 
p 0.319284401498372 1 -0 0.388321622837113 0.776643245674225 1.16496486851134 
4 46 53 54 55 
p 0.42437736786744 1 -0 0.388321622837113 0.776643245674225 1.16496486851134 
4 2 10 11 9 
p 0.111234813253734 1 -7.63833440942108e-14 0.369257663705058 0.738515327410192 1.10777299111533 
4 56 57 58 47 
p 0.42437736786744 1 -7.63833440942108e-14 0.369257663705058 0.738515327410192 1.10777299111533 
4 5 10 11 9 
p 0.432248732508033 1 -1.11022302462516e-16 0.267608107003668 0.535216214007336 0.802824321011004 
4 55 59 60 56 
p 0.42437736786744 1 -1.11022302462516e-16 0.267608107003668 0.535216214007336 0.802824321011004 
Surfaces 15
2 -18.679491924311201 -146 -77.934936505266293 1 -0 0 0 0.017452404439743007 -0.99984769519125849 0 0.99984769519125849 0.017452404439743007 2
1 0 -207 0 0 1 0 0 -0 1 1 0 -0 
2 1.2034570602101799e-16 -146 13.934937093061 -1 0 -6.1232339957367697e-17 -6.1223013977541701e-17 0.017452404439743007 0.99984769519125849 1.0686515617278171e-18 0.99984769519125849 -0.017452404439743007 2
5 -18.679491924311201 -146 -102 -0 -1 -0 -0.61858957413174187 0 0.78571428571428581 0.78571428571428581 -0 0.61858957413174187 24.0650634947337 2
5 -77.000000158491403 -146 4.0000005877946698 0 1 0 0 -0 1 -1 -0 0 9.9349365052663696 2
5 -36 -146 -80 0 1 0 -0.94655736612240504 0 -0.32253550601354802 0.32253550601354802 -0 -0.94655736612240504 3.9349365052663301 2
5 -93.209082642105102 -146 -10.875000085798799 -0 -1 -0 0.73677647652789702 -0 0.67613639425424898 0.67613639425424898 -0 -0.73677647652789702 12.0650634947337 2
5 -64.396720983672097 -146 -89.676065180406496 -0 -1 -0 0.146557366122404 -0 0.98920217268021804 0.98920217268021804 -0 -0.146557366122404 26.0650634947337 2
5 -76.999999572663796 -146 -16.000000188037799 0 1 0 -0.95347547467302163 0 0.30147059424934997 -0.30147059424934997 0 -0.95347547467302163 4.9349365052663297 2
5 -60 -146 -60 0 1 0 -0.99962179178921307 0 -0.027500425089865905 0.027500425089865905 -0 -0.99962179178921307 3.93493650526639 2
5 -92.017054506846804 -146 -23.967939765100802 -0 -1 -0 0.88335617259900356 -0 0.46870232806253431 0.46870232806253431 -0 -0.88335617259900356 12.0650634947337 2
5 -77.993192252205802 -146 -60.495007651617598 -0 -1 -0 0.41136425012975492 -0 0.91147103833044774 0.91147103833044774 -0 -0.41136425012975492 14.0650634947337 2
5 -74.0000002684842 -146 -30.000000488593201 0 1 0 -0.94826601254540177 0 0.31747688018380793 -0.31747688018380793 0 -0.94826601254540177 6.9349365052663297 2
5 -71 -146 -45 0 1 0 -0.99923674659952189 0 -0.039063080334288597 0.039063080334288597 -0 -0.99923674659952189 2.9349365052660801 2
5 -87.987024692191895 -146 -45.664072365682003 -0 -1 -0 0.66604878208131812 -0 0.74590818462327713 0.74590818462327713 -0 -0.66604878208131812 14.0650634947337 2
Triangulations 16
13 12 1 0.42437736786744
0 -207 -81 0 -145.965095191121 -79.9346318956488 0 -145.210512289985 -79.7725189267471 0 -144.573499103092 -79.336755035291 0 -144.148918992343 -78.6922337408957 0 -144 -77.9349365052663 0 -207 17.0000005877947 0 -144 13.934937093061 -6.64214274501887e-17 -145.965095191121 15.9346324834435 -1.12519471531793e-16 -145.210512289985 15.7725195145418 -8.5836628789008e-17 -144.573499103092 15.3367556230857 -4.63710817808349e-17 -144.148918992343 14.6922343286904 0 -175.5 -31.9999997061027 0 0 1.06536810435115 -61.0349048088795 1.22748107325291 -61.7894877100151 1.66324496470899 -62.4265008969081 2.30776625910425 -62.8510810076569 3.06506349473366 -63 98.0000005877947 0 94.934937093061 -63 96.9346324834435 -61.0349048088795 96.7725195145418 -61.7894877100151 96.3367556230857 -62.4265008969081 95.6922343286904 -62.8510810076569 49.0000002938973 -31.5 4 5 6 4 6 2 2 3 4 1 2 13 2 6 13 8 12 11 8 11 9 8 9 13 9 11 10 9 7 13 13 7 1 8 13 6 
61 60 1 0.42437736786744
0 -207 -77.9349365052663 0 -207 13.934937093061 -18.6794919243112 -207 -77.9349365052663 -77.0000001584914 -207 13.934937093061 -33.5658893029719 -207 -83.0917358255664 -29.0304699980535 -207 -80.2747949624758 -23.9855659127435 -207 -78.527188923462 -78.7585704510674 -207 13.7780573420656 -80.4616025790138 -207 13.3123725759569 -82.0553123523605 -207 12.5525897855869 -83.489368137429 -207 11.52270399798 -84.7184804017988 -207 10.2552404790656 -85.7038320225065 -207 8.7902275392688 -86.4143041862979 -207 7.17393238222574 -86.8274591662513 -207 5.45739992032967 -86.93024893728 -207 3.69484070340245 -86.7194272514235 -207 1.94191887200896 -86.2016521590004 -207 0.25399420429731 -85.3932757378579 -207 -1.31562622496071 -84.3198276713699 -207 -2.71737155802104 -39.7246431342838 -207 -81.2691567368573 -38.9834027282526 -207 -82.5657422827581 -37.8123760322292 -207 -83.4927093234735 -36.3802600894923 -207 -83.916519828217 -34.8933642232984 -207 -83.7761200402267 -83.0366493164443 -207 -4.38752312114293 -82.0634644404076 -207 -6.25537325736946 -81.4299297591768 -207 -8.26400133195815 -81.155351530512 -207 -10.3521966606311 -81.2480972174975 -207 -12.45632383642 -81.7053404995038 -207 -14.5122619472123 -60.5766939300707 -207 -63.8924477403682 -55.9594574744934 -207 -65.0143515444651 -51.6226098248555 -207 -66.9558182828331 -47.7102739580795 -207 -69.6523287496954 -44.3524653917472 -207 -73.01427197709 -41.660771482762 -207 -76.9299232042413 -81.9306769785506 -207 -15.7950157249989 -81.8125906301699 -207 -17.0920467182837 -81.3593061959749 -207 -18.3130164168969 -63.9334482799711 -207 -60.1082124265965 -63.4665281984963 -207 -61.8619633587984 -62.2622174964365 -207 -63.2196424179239 -80.2363091795219 -207 -21.3641354973676 -79.968786563213 -207 -24.6043332678652 -80.5761648555886 -207 -27.7983184826284 -72.2073279546672 -207 -47.6751096238888 -69.9299273389103 -207 -48.9706955225182 -67.932343772993 -207 -50.6662061484225 -66.2838987967921 -207 -52.702802707836 -65.0417978990299 -207 -55.0098098047379 -64.2491453324569 -207 -57.5071680677996 -80.9201771953815 -207 -30.4522124217766 -80.2337178418737 -207 -33.0387682565034 -78.6190062816281 -207 -35.1728263877141 -73.9326964049985 -207 -45.1146476604814 -73.6936405509278 -207 -46.1653981604331 -73.0914578638198 -207 -47.0590425672652 -76.1782979698937 -207 -38.0233927945332 -74.5782261815327 -207 -41.4178818834457 -43.46512446864 -207 -34.990791367578 -77.9349365052663 0 13.934937093061 0 -77.9349365052663 -18.6794919243112 13.934937093061 -77.0000001584914 -83.0917358255664 -33.5658893029719 -80.2747949624758 -29.0304699980535 -78.527188923462 -23.9855659127435 13.7780573420656 -78.7585704510674 13.3123725759569 -80.4616025790138 12.5525897855869 -82.0553123523605 11.52270399798 -83.489368137429 10.2552404790656 -84.7184804017988 8.7902275392688 -85.7038320225065 7.17393238222574 -86.4143041862979 5.45739992032968 -86.8274591662513 3.69484070340245 -86.93024893728 1.94191887200896 -86.7194272514235 0.253994204297314 -86.2016521590004 -1.31562622496071 -85.3932757378579 -2.71737155802104 -84.3198276713699 -81.2691567368573 -39.7246431342838 -82.5657422827581 -38.9834027282526 -83.4927093234735 -37.8123760322292 -83.916519828217 -36.3802600894923 -83.7761200402267 -34.8933642232984 -4.38752312114293 -83.0366493164443 -6.25537325736946 -82.0634644404076 -8.26400133195816 -81.4299297591768 -10.3521966606311 -81.155351530512 -12.45632383642 -81.2480972174975 -14.5122619472123 -81.7053404995038 -63.8924477403682 -60.5766939300707 -65.0143515444651 -55.9594574744934 -66.9558182828331 -51.6226098248555 -69.6523287496954 -47.7102739580795 -73.01427197709 -44.3524653917472 -76.9299232042413 -41.660771482762 -15.7950157249989 -81.9306769785506 -17.0920467182837 -81.8125906301699 -18.3130164168969 -81.3593061959749 -60.1082124265965 -63.9334482799712 -61.8619633587984 -63.4665281984963 -63.2196424179239 -62.2622174964365 -21.3641354973676 -80.2363091795219 -24.6043332678653 -79.968786563213 -27.7983184826284 -80.5761648555886 -47.675109623889 -72.2073279546673 -48.9706955225182 -69.9299273389103 -50.6662061484225 -67.932343772993 -52.702802707836 -66.2838987967921 -55.0098098047379 -65.0417978990299 -57.5071680677996 -64.2491453324569 -30.4522124217766 -80.9201771953815 -33.0387682565034 -80.2337178418737 -35.1728263877141 -78.6190062816281 -45.114647660481 -73.9326964049983 -46.1653981604331 -73.6936405509278 -47.0590425672652 -73.0914578638197 -38.0233927945332 -76.1782979698937 -41.4178818834457 -74.5782261815327 -34.990791367578 -43.46512446864 61 33 51 32 52 33 32 43 42 42 41 32 32 41 52 52 51 33 58 57 56 61 48 60 48 56 60 61 49 48 58 56 47 47 56 48 61 51 50 49 61 50 24 23 22 24 22 21 25 24 5 5 24 21 5 37 6 5 21 37 7 36 61 34 33 61 35 61 36 6 36 7 61 35 34 61 3 7 6 37 36 61 1 3 59 61 60 20 19 18 4 26 20 31 39 38 4 27 26 20 18 17 20 16 4 15 14 16 4 16 14 12 4 14 12 11 4 12 14 13 17 16 20 9 11 10 53 46 54 61 44 30 45 59 55 59 45 61 46 55 54 55 46 45 61 45 44 44 40 30 29 61 30 28 4 61 61 29 28 9 8 4 61 4 2 28 27 4 11 9 4 30 40 31 39 31 40 61 2 1 
10 8 1 0.42437736786744
-18.6794919243112 -145.965095191121 -79.9346318956488 -18.6794919243112 -145.210512289985 -79.7725189267471 -18.6794919243112 -144.573499103092 -79.336755035291 -18.6794919243112 -144.148918992343 -78.6922337408957 -18.6794919243112 -144 -77.9349365052663 0 -145.965095191121 -79.9346318956488 0 -144 -77.9349365052663 0 -145.210512289985 -79.7725189267471 0 -144.573499103092 -79.336755035291 0 -144.148918992343 -78.6922337408957 0 0 0.3883357590682 0 0.776671518136401 0 1.1650072772046 0 1.5533430362728 0 0 18.6794919243112 1.5533430362728 18.6794919243112 0.3883357590682 18.6794919243112 0.776671518136401 18.6794919243112 1.1650072772046 18.6794919243112 1 2 8 1 8 6 8 2 3 8 3 9 4 5 7 10 9 4 7 10 4 4 9 3 
10 8 1 0.42437736786744
-6.64214274501887e-17 -145.965095191121 15.9346324834435 -1.12519471531793e-16 -145.210512289985 15.7725195145418 -8.5836628789008e-17 -144.573499103092 15.3367556230857 -4.63710817808349e-17 -144.148918992343 14.6922343286904 0 -144 13.934937093061 -77.0000001584914 -145.965095191121 15.9346324834435 -77.0000001584914 -144 13.934937093061 -77.0000001584914 -145.210512289985 15.7725195145417 -77.0000001584914 -144.573499103092 15.3367556230857 -77.0000001584914 -144.148918992343 14.6922343286904 -4.44089209850063e-16 1.20345706021018e-16 0.3883357590682 1.20345706021018e-16 0.776671518136401 1.20345706021018e-16 1.1650072772046 1.20345706021018e-16 1.5533430362728 1.20345706021018e-16 0 77.0000001584914 1.5533430362728 77.0000001584914 0.3883357590682 77.0000001584914 0.776671518136399 77.0000001584914 1.1650072772046 77.0000001584914 1 2 8 8 6 1 9 8 2 2 3 9 3 4 10 4 7 10 7 4 5 3 10 9 
20 24 1 0.42437736786744
-32.3288985830419 -145.965095191121 -84.662925060867 -32.4291799754361 -145.210512289985 -84.5355505853013 -32.6987389754739 -144.573499103092 -84.1931646705858 -33.0974331284927 -144.148918992343 -83.6867550821324 -33.5658893029719 -144 -83.0917358255664 -18.6794919243112 -145.965095191121 -79.9346318956488 -28.1703516300076 -145.965095191121 -82.0800589451849 -23.544655723663 -145.965095191121 -80.4776708791545 -18.6794919243112 -144 -77.9349365052663 -29.0304699980535 -144 -80.2747949624758 -23.9855659127435 -144 -78.527188923462 -18.6794919243112 -145.210512289985 -79.7725189267471 -18.6794919243112 -144.573499103092 -79.336755035291 -18.6794919243112 -144.148918992343 -78.6922337408957 -23.8185904479015 -144.148918992343 -79.2658487214968 -23.6764808010298 -144.573499103092 -79.8945080467238 -23.5803997975428 -145.210512289985 -80.3195475859033 -28.7047377562491 -144.148918992343 -80.9584597997615 -28.4275132316678 -144.573499103092 -81.5403139583783 -28.2400804211632 -145.210512289985 -81.9337083033342 0 3.15904594411189 0 3.54738170318009 0 3.93571746224829 0 4.32405322131649 0 4.71238898038469 0.666946344503664 3.15904594411189 0.222315448167888 3.15904594411189 0.444630896335776 3.15904594411189 0.666946344503664 4.71238898038469 0.222315448167888 4.71238898038469 0.444630896335776 4.71238898038469 0.666946344503664 3.54738170318009 0.666946344503664 3.93571746224829 0.666946344503664 4.32405322131649 0.444630896335776 4.32405322131649 0.444630896335776 3.93571746224829 0.444630896335776 3.54738170318009 0.222315448167888 4.32405322131649 0.222315448167888 3.93571746224829 0.222315448167888 3.54738170318009 2 1 20 7 20 1 20 7 8 19 20 17 20 19 2 2 19 3 4 3 18 4 10 5 10 4 18 10 18 15 3 19 18 19 16 18 8 17 20 17 8 6 17 12 16 12 17 6 16 12 13 17 16 19 15 11 10 11 15 14 13 14 15 14 9 11 15 16 13 16 15 18 
70 104 1 0.42437736786744
-77.0000001584914 -145.965095191121 15.9346324834435 -77.0000001584914 -145.210512289985 15.7725195145417 -77.0000001584914 -144.573499103092 15.3367556230857 -77.0000001584914 -144.148918992343 14.6922343286904 -77.0000001584914 -144 13.934937093061 -85.793156195225 -145.965095191121 -4.06943838888112 -79.1125339520786 -145.965095191121 15.7461761124321 -81.1583509074994 -145.965095191121 15.1867587210907 -83.0728411997433 -145.965095191121 14.2740475106156 -84.7955424876222 -145.965095191121 13.0368672062288 -86.2720494009685 -145.965095191121 11.5142897311348 -87.4557317400245 -145.965095191121 9.75440025931298 -88.309207123834 -145.965095191121 7.8127786169599 -88.8055215792897 -145.965095191121 5.75074399209822 -88.9290007861488 -145.965095191121 3.63341838693114 -88.6757450944809 -145.965095191121 1.52766997188709 -88.0537526811897 -145.965095191121 -0.499998706825207 -87.0826669561483 -145.965095191121 -2.38555097272593 -84.3198276713699 -144 -2.71737155802104 -78.7585704510674 -144 13.7780573420656 -80.4616025790138 -144 13.3123725759569 -82.0553123523605 -144 12.5525897855869 -83.489368137429 -144 11.52270399798 -84.7184804017988 -144 10.2552404790656 -85.7038320225065 -144 8.7902275392688 -86.4143041862979 -144 7.17393238222574 -86.8274591662513 -144 5.45739992032967 -86.93024893728 -144 3.69484070340245 -86.7194272514235 -144 1.94191887200896 -86.2016521590004 -144 0.25399420429731 -85.3932757378579 -144 -1.31562622496071 -85.6737151731981 -145.210512289985 -3.95982791062603 -85.352654588653 -144.573499103092 -3.66519208431072 -84.8777864603213 -144.148918992343 -3.22940778029823 -88.3314060295756 -144.573499103092 3.65178267476437 -87.687188847797 -144.148918992343 3.67157968540271 -88.7669643090551 -145.210512289985 3.63839782236309 -87.7426615267267 -144.573499103092 7.62177383547604 -87.1319158601977 -144.148918992343 7.41586747388182 -88.1555895566475 -145.210512289985 7.76098809912275 -88.0908374252957 -144.573499103092 1.65152375131906 -87.4602971367496 -144.148918992343 1.7850402051712 -88.5171486926595 -145.210512289985 1.5612526462214 -85.807557178783 -144.573499103092 11.1378541912604 -85.3068267639944 -144.148918992343 10.7320503585597 -86.1461033773589 -145.210512289985 11.4122200793128 -88.2141126323135 -144.573499103092 5.66303881786165 -87.5765638571462 -144.148918992343 5.5684911673801 -88.6451623705858 -145.210512289985 5.72696293093618 -84.4050172989713 -144.573499103092 12.5841566837307 -83.9840245883108 -144.148918992343 12.0961271390311 -84.6896524591551 -145.210512289985 12.9141157640484 -86.5775660681004 -144.573499103092 -2.06566062738155 -86.0330588296533 -144.148918992343 -1.72081346383268 -86.945709983926 -145.210512289985 -2.29881342349924 -80.9500343283354 -144.573499103092 14.6263473159634 -80.7254655581601 -144.148918992343 14.0222144113878 -81.1018663345733 -145.210512289985 15.0348044262929 -86.9319418129141 -144.573499103092 9.46612807472169 -86.3672874765507 -144.148918992343 9.15536581936409 -87.3137072768033 -145.210512289985 9.67623590341548 -79.0067045404174 -144.573499103092 15.1577401551872 -78.8926186576686 -144.148918992343 14.5233963128695 -79.0838385446141 -145.210512289985 15.5866230232217 -82.7686163885432 -144.573499103092 13.7593592511793 -82.4406569338413 -144.148918992343 13.2045166653942 -82.9903513249424 -145.210512289985 14.1344909441578 -87.5000043200147 -144.573499103092 -0.274566915262306 -86.9030542886985 -144.148918992343 -0.0315476587401546 -87.9036050558061 -145.210512289985 -0.438873382467894 0 0.0174532905220928 0 0.405789049590292 0 0.794124808658492 0 1.18246056772669 0 1.57079632679489 2.31330232629267 0.0174532905220928 0.177946332791744 0.0174532905220928 0.355892665583488 0.0174532905220928 0.533838998375232 0.0174532905220928 0.711785331166976 0.0174532905220928 0.88973166395872 0.0174532905220928 1.06767799675046 0.0174532905220928 1.24562432954221 0.0174532905220928 1.42357066233395 0.0174532905220928 1.6015169951257 0.0174532905220928 1.77946332791744 0.0174532905220928 1.95740966070919 0.0174532905220928 2.13535599350093 0.0174532905220928 2.31330232629267 1.5707963267949 0.177946332791744 1.5707963267949 0.355892665583488 1.5707963267949 0.533838998375232 1.5707963267949 0.711785331166976 1.5707963267949 0.88973166395872 1.5707963267949 1.06767799675046 1.5707963267949 1.24562432954221 1.5707963267949 1.42357066233395 1.5707963267949 1.6015169951257 1.5707963267949 1.77946332791744 1.5707963267949 1.95740966070919 1.5707963267949 2.13535599350093 1.5707963267949 2.31330232629267 0.405789049590294 2.31330232629267 0.794124808658495 2.31330232629267 1.1824605677267 1.6015169951257 0.794124808658495 1.6015169951257 1.1824605677267 1.6015169951257 0.405789049590294 1.24562432954221 0.794124808658495 1.24562432954221 1.1824605677267 1.24562432954221 0.405789049590294 1.77946332791744 0.794124808658495 1.77946332791744 1.1824605677267 1.77946332791744 0.405789049590294 0.88973166395872 0.794124808658495 0.88973166395872 1.1824605677267 0.88973166395872 0.405789049590294 1.42357066233395 0.794124808658495 1.42357066233395 1.1824605677267 1.42357066233395 0.405789049590294 0.711785331166976 0.794124808658495 0.711785331166976 1.1824605677267 0.711785331166976 0.405789049590294 2.13535599350093 0.794124808658495 2.13535599350093 1.1824605677267 2.13535599350093 0.405789049590294 0.355892665583488 0.794124808658495 0.355892665583488 1.1824605677267 0.355892665583488 0.405789049590294 1.06767799675046 0.794124808658495 1.06767799675046 1.1824605677267 1.06767799675046 0.405789049590294 0.177946332791744 0.794124808658495 0.177946332791744 1.1824605677267 0.177946332791744 0.405789049590294 0.533838998375232 0.794124808658495 0.533838998375232 1.1824605677267 0.533838998375232 0.405789049590294 1.95740966070919 0.794124808658495 1.95740966070919 1.1824605677267 1.95740966070919 0.405789049590294 2 1 7 2 7 64 58 7 8 3 64 62 64 3 2 62 58 56 58 62 64 64 7 58 3 62 4 8 9 58 9 10 52 11 12 61 10 11 46 65 56 67 56 58 67 50 67 52 46 52 10 61 46 11 44 52 46 67 9 52 59 46 61 12 13 61 67 58 9 62 56 57 4 63 5 4 62 63 57 65 66 57 63 62 65 57 56 63 57 21 5 63 20 21 66 22 21 20 63 22 66 51 66 21 57 65 50 66 50 51 66 51 50 44 51 44 45 59 44 46 50 52 44 60 44 59 23 45 24 45 23 51 24 60 25 60 24 45 25 60 39 45 44 60 59 38 60 51 23 22 65 67 50 61 40 59 13 40 61 40 13 14 40 14 49 37 14 15 38 49 47 49 38 40 47 37 35 37 47 49 49 14 37 38 47 48 15 16 37 40 38 59 16 17 70 18 6 32 17 18 55 41 35 43 35 37 43 68 43 70 55 70 17 32 55 18 53 70 55 43 16 70 33 55 32 43 37 16 47 35 36 39 48 27 39 38 48 36 41 42 36 48 47 41 36 35 48 36 28 26 39 27 28 42 29 28 27 48 29 42 69 42 28 36 41 68 42 39 26 25 68 69 42 69 68 53 69 53 54 33 53 55 68 70 53 34 53 33 30 54 31 54 30 69 31 34 19 34 31 54 54 53 34 69 30 29 41 43 68 38 39 60 
30 40 1 0.209798238453434
-41.6174695360514 -145.965095191121 -81.9141295014672 -39.7246431342838 -144 -81.2691567368573 -41.4640203111935 -145.210512289985 -81.8618423130112 -41.0515447898455 -144.573499103092 -81.7212929857779 -40.441468411013 -144.148918992343 -81.5134119839537 -32.3288985830419 -145.965095191121 -84.662925060867 -40.4995381666153 -145.965095191121 -83.8696268585001 -38.7334074116271 -145.965095191121 -85.2676692814673 -36.5735044651224 -145.965095191121 -85.9068560474534 -34.3309829857509 -145.965095191121 -85.6951064909271 -33.5658893029719 -144 -83.0917358255664 -38.9834027282526 -144 -82.5657422827581 -37.8123760322292 -144 -83.4927093234735 -36.3802600894923 -144 -83.916519828217 -34.8933642232984 -144 -83.7761200402267 -32.4291799754361 -145.210512289985 -84.5355505853013 -32.6987389754739 -144.573499103092 -84.1931646705858 -33.0974331284927 -144.148918992343 -83.6867550821324 -34.4991259590488 -144.573499103092 -85.1213603095176 -34.6803869075468 -144.148918992343 -84.5028522922062 -34.376574575606 -145.210512289985 -85.5395365014669 -38.4580337961985 -144.573499103092 -84.7369847121824 -38.1611764149778 -144.148918992343 -84.1648978357871 -38.6587404738105 -145.210512289985 -85.1237753514938 -40.0462379789341 -144.573499103092 -83.4797862756978 -39.5575727652662 -144.148918992343 -83.0595315816374 -40.3766268380438 -145.210512289985 -83.7639224593724 -36.5157274951202 -144.573499103092 -85.3117774292115 -36.4534429513269 -144.148918992343 -84.6702726868024 -36.5578383693722 -145.210512289985 -85.7455018156215 3.5527136788005e-15 0.0174532905220928 3.5527136788005e-15 1.57079632679489 3.5527136788005e-15 0.405789049590293 3.5527136788005e-15 0.794124808658493 3.5527136788005e-15 1.18246056772669 1.90933574146 0.0174532905220928 0.381867148292002 0.0174532905220928 0.763734296584001 0.0174532905220928 1.145601444876 0.0174532905220928 1.527468593168 0.0174532905220928 1.90933574146 1.5707963267949 0.381867148292002 1.5707963267949 0.763734296584001 1.5707963267949 1.145601444876 1.5707963267949 1.527468593168 1.5707963267949 1.90933574146 0.405789049590295 1.90933574146 0.794124808658496 1.90933574146 1.1824605677267 1.527468593168 0.794124808658496 1.527468593168 1.1824605677267 1.527468593168 0.405789049590295 0.763734296584001 0.794124808658496 0.763734296584001 1.1824605677267 0.763734296584001 0.405789049590295 0.381867148292002 0.794124808658496 0.381867148292002 1.1824605677267 0.381867148292002 0.405789049590295 1.145601444876 0.794124808658496 1.145601444876 1.1824605677267 1.145601444876 0.405789049590295 3 1 7 4 3 27 7 8 24 4 27 25 24 27 7 8 9 24 7 27 3 22 27 24 5 25 26 25 5 4 2 26 12 26 2 5 25 22 26 23 12 26 23 22 28 13 12 23 23 29 13 23 26 22 25 27 22 24 30 22 9 30 24 30 9 10 28 30 21 30 28 22 10 6 16 28 21 19 16 21 10 10 21 30 17 21 16 29 19 20 19 29 28 14 20 15 20 14 29 19 17 20 29 14 13 18 15 20 11 15 18 18 20 17 19 21 17 28 29 23 
32 45 1 0.42437736786744
-85.793156195225 -145.965095191121 -4.06943838888112 -85.6737151731981 -145.210512289985 -3.95982791062603 -85.352654588653 -144.573499103092 -3.66519208431072 -84.8777864603213 -144.148918992343 -3.22940778029823 -84.3198276713699 -144 -2.71737155802104 -83.9107685470645 -145.965095191121 -7.02104237118141 -83.1531686618752 -145.965095191121 -10.4388474768361 -83.6120010110502 -145.965095191121 -13.909412589556 -81.7053404995038 -144 -14.5122619472123 -83.0366493164443 -144 -4.38752312114293 -82.0634644404076 -144 -6.25537325736946 -81.4299297591768 -144 -8.26400133195815 -81.155351530512 -144 -10.3521966606311 -81.2480972174975 -144 -12.45632383642 -83.4574302710759 -145.210512289985 -13.9582848826263 -83.0419400878245 -144.573499103092 -14.089654881936 -82.4274048407141 -144.148918992343 -14.2839590995637 -82.169281020792 -144.148918992343 -8.42788792396643 -82.7985288375397 -144.573499103092 -8.56736868983429 -83.223966258616 -145.210512289985 -8.66167229445744 -81.9119374576241 -144.148918992343 -10.3850118703338 -82.5558533708497 -144.573499103092 -10.4129402720742 -82.9912079612376 -145.210512289985 -10.4318227964071 -82.7630501373425 -144.148918992343 -6.54533697188585 -83.3584542372321 -144.573499103092 -6.79211958222039 -83.7610097614841 -145.210512289985 -6.95897047071426 -83.6751503604305 -144.148918992343 -4.79472763968425 -84.2185664723363 -144.573499103092 -5.14129167164683 -84.5859726723536 -145.210512289985 -5.37560525060844 -81.9988617038521 -144.148918992343 -12.357067657163 -82.6378230994117 -144.573499103092 -12.2725926081048 -83.0698279170036 -145.210512289985 -12.2154786284292 2.22044604925031e-16 3.15904594411189 2.22044604925031e-16 3.54738170318009 2.22044604925031e-16 3.93571746224829 2.22044604925031e-16 4.32405322131649 2.22044604925031e-16 4.71238898038469 0.349580209883747 3.15904594411189 0.699160419767494 3.15904594411189 1.04874062965124 3.15904594411189 1.04874062965124 4.71238898038469 0.174790104941874 4.71238898038469 0.349580209883747 4.71238898038469 0.52437031482562 4.71238898038469 0.699160419767494 4.71238898038469 0.873950524709367 4.71238898038469 1.04874062965124 3.54738170318009 1.04874062965124 3.93571746224829 1.04874062965124 4.32405322131649 0.52437031482562 4.32405322131649 0.52437031482562 3.93571746224829 0.52437031482562 3.54738170318009 0.699160419767494 4.32405322131649 0.699160419767494 3.93571746224829 0.699160419767494 3.54738170318009 0.349580209883747 4.32405322131649 0.349580209883747 3.93571746224829 0.349580209883747 3.54738170318009 0.174790104941874 4.32405322131649 0.174790104941874 3.93571746224829 0.174790104941874 3.54738170318009 0.873950524709367 4.32405322131649 0.873950524709367 3.93571746224829 0.873950524709367 3.54738170318009 1 29 2 29 1 6 2 28 3 28 2 29 29 26 28 6 26 29 26 6 20 25 20 19 20 25 26 6 7 20 26 25 28 28 25 24 3 27 4 3 28 27 10 5 4 4 27 10 11 24 18 24 10 27 11 10 24 24 19 18 28 24 27 25 19 24 20 23 19 22 19 23 23 7 32 22 32 31 32 22 23 7 8 32 22 18 19 15 31 32 31 16 17 16 31 15 15 32 8 22 31 30 18 21 13 21 18 22 13 12 18 21 30 13 18 12 11 30 17 9 17 30 31 9 14 30 30 14 13 21 22 30 23 20 7 
35 48 1 0.42437736786744
-60.8697640195323 -145.965095191121 -65.8705507652332 -60.8460051697958 -145.210512289985 -65.710188264176 -60.7821407616127 -144.573499103092 -65.279129675972 -60.6876814182964 -144.148918992343 -64.6415678112176 -60.5766939300707 -144 -63.8924477403682 -41.6174695360514 -145.965095191121 -81.9141295014672 -56.6067590607779 -145.965095191121 -66.9063828102508 -52.6026316539096 -145.965095191121 -68.6989014331431 -48.9904477510834 -145.965095191121 -71.1885373013 -45.8902481605833 -145.965095191121 -74.2925543442483 -43.4050593269917 -145.965095191121 -77.9077992550727 -39.7246431342838 -144 -81.2691567368573 -55.9594574744934 -144 -65.0143515444651 -51.6226098248555 -144 -66.9558182828331 -47.7102739580795 -144 -69.6523287496954 -44.3524653917472 -144 -73.01427197709 -41.660771482762 -144 -76.9299232042413 -41.4640203111935 -145.210512289985 -81.8618423130112 -41.0515447898455 -144.573499103092 -81.7212929857779 -40.441468411013 -144.148918992343 -81.5134119839537 -44.9348334091158 -144.148918992343 -73.4983655583717 -45.430475768165 -144.573499103092 -73.9103684113292 -45.7655819082226 -145.210512289985 -74.1889254862575 -51.9937502623284 -144.148918992343 -67.6159348473612 -52.3096208398351 -144.573499103092 -68.1777475182708 -52.5231824292623 -145.210512289985 -68.5575917187244 -56.2045946610216 -144.148918992343 -65.7308756981913 -56.4132262647462 -144.573499103092 -66.340695796955 -56.5542830774696 -145.210512289985 -66.7529980461379 -42.3213442724629 -144.148918992343 -77.3002510219902 -42.8835452279524 -144.573499103092 -77.6154299942832 -43.2636519494444 -145.210512289985 -77.8285239861589 -48.1950838342385 -144.148918992343 -70.2341006010862 -48.6076963121619 -144.573499103092 -70.7292355745942 -48.8866655574092 -145.210512289985 -71.063998668891 -7.7715611723761e-16 3.15904594411189 -7.7715611723761e-16 3.54738170318009 -7.7715611723761e-16 3.93571746224829 -7.7715611723761e-16 4.32405322131649 -7.7715611723761e-16 4.71238898038469 1.09530224151926 3.15904594411189 0.182550373586542 3.15904594411189 0.365100747173085 3.15904594411189 0.547651120759627 3.15904594411189 0.73020149434617 3.15904594411189 0.912751867932712 3.15904594411189 1.09530224151926 4.71238898038469 0.182550373586542 4.71238898038469 0.365100747173085 4.71238898038469 0.547651120759627 4.71238898038469 0.73020149434617 4.71238898038469 0.912751867932712 4.71238898038469 1.09530224151926 3.54738170318009 1.09530224151926 3.93571746224829 1.09530224151926 4.32405322131649 0.73020149434617 4.32405322131649 0.73020149434617 3.93571746224829 0.73020149434617 3.54738170318009 0.365100747173085 4.32405322131649 0.365100747173085 3.93571746224829 0.365100747173085 3.54738170318009 0.182550373586542 4.32405322131649 0.182550373586542 3.93571746224829 0.182550373586542 3.54738170318009 0.912751867932712 4.32405322131649 0.912751867932712 3.93571746224829 0.912751867932712 3.54738170318009 0.547651120759627 4.32405322131649 0.547651120759627 3.93571746224829 0.547651120759627 3.54738170318009 1 7 29 28 2 29 29 2 1 7 8 29 8 9 35 25 29 26 35 26 8 9 10 35 8 26 29 25 26 35 4 3 27 28 3 2 13 5 4 27 3 28 27 25 24 25 27 28 13 24 14 24 13 27 33 14 24 24 25 34 27 13 4 28 29 25 34 25 35 23 34 35 23 10 11 34 22 21 22 34 23 23 32 22 23 35 10 11 6 18 32 18 31 18 32 11 31 18 19 32 31 22 11 32 23 22 31 30 33 21 16 33 34 21 16 15 33 21 30 16 33 15 14 30 19 20 30 21 22 17 20 12 20 17 30 30 17 16 19 30 31 34 33 24 
20 24 1 0.141545783663494
-83.6120010110502 -145.965095191121 -13.909412589556 -83.4574302710759 -145.210512289985 -13.9582848826263 -83.0419400878245 -144.573499103092 -14.089654881936 -82.4274048407141 -144.148918992343 -14.2839590995637 -81.7053404995038 -144 -14.5122619472123 -83.1257494623871 -145.965095191121 -19.2502783017851 -83.9286465308423 -145.965095191121 -15.7119535649486 -83.7627101794734 -145.965095191121 -17.5345570545941 -81.3593061959749 -144 -18.3130164168969 -81.9306769785506 -144 -15.7950157249989 -81.8125906301699 -144 -17.0920467182837 -82.9825459706494 -145.210512289985 -19.1742955758517 -82.5976112473359 -144.573499103092 -18.9700520254406 -82.0282693835603 -144.148918992343 -18.6679633942717 -83.1796557007425 -144.573499103092 -17.4022535588609 -82.5511131826232 -144.148918992343 -17.2596281689571 -83.6046162660846 -145.210512289985 -17.498683258648 -83.331285668403 -144.573499103092 -15.7367878190576 -82.6873206284281 -144.148918992343 -15.7635595619783 -83.7666734736182 -145.210512289985 -15.718687317216 0 0.0174532905220928 0 0.405789049590293 0 0.794124808658493 0 1.18246056772669 0 1.57079632679489 0.794055810085315 0.0174532905220928 0.264685270028438 0.0174532905220928 0.529370540056876 0.0174532905220928 0.794055810085315 1.57079632679489 0.264685270028438 1.57079632679489 0.529370540056876 1.57079632679489 0.794055810085315 0.405789049590293 0.794055810085315 0.794124808658493 0.794055810085315 1.18246056772669 0.529370540056876 0.794124808658493 0.529370540056876 1.18246056772669 0.529370540056876 0.405789049590293 0.264685270028438 0.794124808658493 0.264685270028438 1.18246056772669 0.264685270028438 0.405789049590293 2 1 7 2 20 3 20 2 7 20 7 8 3 20 18 5 4 19 18 19 4 19 18 15 10 19 16 19 10 5 4 3 18 20 17 18 8 17 20 17 8 6 17 12 15 12 17 6 15 12 13 17 15 18 16 11 10 11 16 14 13 14 16 14 9 11 16 15 13 15 16 19 
50 80 1 0.14600696271913
