DBRep_DrawableShape

CASCADE Topology V1, (c) Matra-Datavision
Locations 14
1
              1               0               0               0 
              0               1               0               0 
              0               0               1               0 
1
              1               0               0               0 
              0               1               0               0 
              0               0               1               1 
2  1 1 2 1 0
1
              1               0               0               0 
              0               1               0               0 
              0               0               1               0 
1
              1               0               0               0 
              0               1               0               0 
              0               0               1               0 
1
              1               0               0               0 
              0               1               0               0 
              0               0               1               0 
2  5 1 6 1 0
1
              1               0               0               0 
              0               1               0               0 
              0               0               1              -1 
1
              1               0               0 2.09999990463257 
              0               1               0               0 
              0               0               1               0 
1
              1               0               0 0.0117799993604422 
              0               1               0               0 
              0               0               1               0 
2  8 1 9 1 10 1 0
2  2 -1 1 -1 0
1
              1               0               0               0 
              0               1               0               0 
              0               0               1              -1 
2  2 -1 0
Curve2ds 20
1 6.8200674277055198 -10.099992275238 -1 0 
1 5.0199987888336404 -6.8200674277055198 0 -1 
1 11.1249994039536 -2.8273010253906201 0 1 
1 2.5999994277953902 -2.8273010253906201 0 -1 
1 7.08999907970429 -5.0499961376190203 0 1 
1 0.99839660606190594 -5.0499961376190203 0 -1 
1 -1.7193583891846 -19.242297539358699 -1 -1.7347234759768102e-18 
1 2.44337579628785 -11.7850494559416 -0.99813479862132282 -0.061048536273784489 
1 -1.7838189252201699 -19.242297539358699 -1 -8.6736173798840393e-19 
1 2.3790354921329602 -9.6772047733212396 -0.99813479862132282 -0.061048536273784489 
7 0 0  8 9 2  0.121827111155888 19.245304199401598  0.106598721511402 19.2447792151989  0.091370332866858903 19.244404040928199  0.076141944222683805 19.244178862099901  0.060913555577599303 19.2441037900862  0.045685166933736802 19.244178862107201  0.0304567782889009 19.244404040931801  0.0152283896444861 19.2447792151989  1.3484049740596499e-16 19.245304199401598 
 3.0806790980118501 9 3.2025062091677401 9
3 4.3999999761580204 -4.1300523962914202 0 1 -1 0 7.5213493612978697 7.5
7 0 0  8 9 2  0.121827111155888 19.245304199401598  0.106598721511402 19.2447792151989  0.091370332866901494 19.244404040928199  0.076141944222285901 19.244178862099901  0.0609135555777129 19.2441037900862  0.045685166933424198 19.244178862107201  0.030456778288936399 19.244404040931801  0.015228389644485999 19.2447792151989  1.6416709820397799e-17 19.245304199401598 
 3.0806790980118501 9 3.2025062091677401 9
3 4.3999999761580204 -2.0182724922984199 0 1 -1 0 7.5213493612978697 7.5
1 10.602325399889899 -19.242297539358699 -1 1.7347234759768102e-18 
1 -11.276977355581399 -10.7065322426294 -0.99813479862132282 0.061048536273784489 
1 10.6667859359254 -19.242297539358699 -1 8.6736173798840393e-19 
1 -11.212637051426499 -8.5986875600090507 -0.99813479862132282 0.061048536273784489 
1 2.12499940395355 -2.8273010253906201 0 1 
1 2.5999994277953902 -2.8273010253906201 0 -1 
Curves 10
1 105.09999227523799 2.4200674515473799 -18.999999046325701 0 -1 0 
1 97.827301025390597 6.7249994277954102 -18.999999046325701 -1 0 0 
1 100.049996137619 2.6899991035461501 -18.999999046325701 -1 0 0 
1 106.785049455942 -1.9566241798702899 -19.999999046325701 0.061048536273784489 -0.99813479862132282 0 
1 104.67720477332099 -2.0209644840251801 -19.999999046325701 0.061048536273784385 -0.99813479862132282 0 
8 3.0806790980118501 3.2025062091677401
3 99.130052396291404 -1.2612133559741801e-13 -19.999999046325701 0 0 1 -1 0 0 0 -1 0 7.5213493612978697 7.5
8 3.0806790980118501 3.2025062091677401
3 97.018272492298394 -1.2612133559741801e-13 -19.999999046325701 0 0 1 -1 0 0 0 -1 0 7.5213493612978697 7.5
1 105.706532242629 -15.676977331739501 -19.999999046325701 -0.061048536273784489 -0.99813479862132282 0 
1 103.598687560009 -15.6126370275847 -19.999999046325701 -0.061048536273784385 -0.99813479862132282 0 
1 97.827301025390597 -2.2750005722045898 -18.999999046325701 -1 0 0 
Polygon3D 0
PolygonOnTriangulations 8
2 3 1 
p 0.0433118369838015 1 -5.04999613761902 -4.33907377470192 
2 4 3 
p 0.0433118369838015 1 -5.04999613761902 -4.33907377470192 
2 1 2 
p 0.136068236210892 1 -4.71976690330641 -2.48216341616052 
2 11 13 
p 0.136068236210892 1 -4.71976690330641 -2.48216341616052 
4 12 13 14 11 
p 0.0602151380423526 1 3.08067909801185 3.1348244807478 3.16866534495777 3.20250620916774 
4 2 6 7 8 
p 0.0602151380423526 1 3.08067909801185 3.1348244807478 3.16866534495777 3.20250620916774 
4 4 5 6 2 
p 0.0602151380423526 1 3.08067909801185 3.1348244807478 3.16866534495777 3.20250620916774 
4 2 6 7 8 
p 0.0602151380423526 1 3.08067909801185 3.1348244807478 3.16866534495777 3.20250620916774 
Surfaces 11
1 95 -4.3999999761581403 -19.999999046325701 0 0 1 0 1 0 -1 0 0 
1 105.09999227523799 9.2401348792529099 -24.019997835159302 -1 0 0 0 0 1 0 1 -0 
1 100.65460205078099 6.7249994277954102 -21.599998474121101 0 1 0 0 -0 1 1 0 -0 
1 105.09999227523799 2.6899991035461501 -19.9983956523876 0 1 0 0 -0 1 1 0 -0 
1 106.011719735211 -0.15218973250318099 0.18788190222492501 0.99531210591548247 0.06087589300127233 -0.075152760889970124 -0.061048536273784475 0.99813479862132282 -6.9388939039072284e-18 0.07501258585674675 0.0045879660492663989 0.99717203256540199 
1 106.011719735211 -0.15218973250318099 0.18788190222492501 0.99531210591548247 0.06087589300127233 -0.075152760889970124 -0.061048536273784475 0.99813479862132282 -5.2041704279304213e-18 0.07501258585674675 0.0045879660492663971 0.99717203256540199 
2 98.509856725142996 -1.2612133559741801e-13 0.754323035286805 -0.075292402475087616 0 -0.99716149851943714 0.99531210591548247 0.060875893001272267 -0.075152760889970111 0.060703096688857573 -0.99814534294926094 -0.0045834922368821612 7.5
2 98.509856725142996 -1.2612133559741801e-13 0.754323035286805 -0.075292402475087616 0 -0.99716149851943714 0.99531210591548258 0.06087589300127233 -0.075152760889970111 0.060703096688857629 -0.99814534294926105 -0.0045834922368821656 7.5
1 104.390910388127 -26.347810267496801 0.18788190222492501 0.99531210591548247 -0.06087589300127233 -0.075152760889970124 0.061048536273784475 0.99813479862132282 6.9388939039072284e-18 0.07501258585674675 -0.0045879660492663989 0.99717203256540199 
1 104.390910388127 -26.347810267496801 0.18788190222492501 0.99531210591548247 -0.06087589300127233 -0.075152760889970124 0.061048536273784475 0.99813479862132282 5.2041704279304213e-18 0.07501258585674675 -0.0045879660492663971 0.99717203256540199 
1 100.65460205078099 -2.2750005722045898 -21.599998474121101 0 1 0 0 -0 1 1 0 -0 
Triangulations 5
15 14 1 0.183437440627657
104.389069912321 2.68999910354615 -19.9999990463257 104.525672329972 0.456569197509417 -19.9999990463257 105.099992275238 2.68999910354615 -19.9999990463257 104.525672329972 -0.456569197509669 -19.9999990463257 104.539449584653 -0.0507609087690062 -19.9999990463257 104.536865708324 0.203020383163096 -19.9999990463257 105.099992275238 8.64999961853027 -19.9999990463257 104.2844817841 -4.39999997615814 -19.9999990463257 106.136320588264 8.64999961853027 -19.9999990463257 106.396261688093 -4.39999997615814 -19.9999990463257 106.637452233965 0.456569197509416 -19.9999990463257 106.637452233965 -0.456569197509609 -19.9999990463257 106.651229488646 -0.0507609087690062 -19.9999990463257 106.648645612317 0.203020383163096 -19.9999990463257 105.467855636373 2.12499982118606 -19.9999990463257 7.08999907970429 -9.38906991232093 4.85656917366756 -9.5256723299723 7.08999907970429 -10.099992275238 3.94343077864847 -9.52567232997229 4.34923906738914 -9.53944958465282 4.60302035932124 -9.53686570832364 13.0499995946884 -10.099992275238 -1.77635683940025e-15 -9.28448178410011 13.0499995946884 -11.1363205882641 0 -11.3962616880929 4.85656917366756 -11.637452233965 3.94343077864853 -11.6374522339651 4.34923906738914 -11.6512294886458 4.60302035932124 -11.6486456123166 6.52499979734421 -10.467855636373 5 12 13 5 13 14 8 10 4 4 10 12 12 5 4 14 6 5 9 3 15 3 9 7 11 15 2 6 11 2 1 15 3 2 15 1 11 6 14 9 15 11 
5 4 1 0.0568769370550901
105.099992275238 2.68999910354615 -17.7983958431224 104.479799039072 2.68999910354615 -17.7983958431224 104.389069912321 2.68999910354615 -18.9999990463257 105.099992275238 2.68999910354615 -18.9999990463257 104.744531093779 2.68999910354615 -18.399197444724 2.19999980926514 0 2.19999980926514 -0.620193236165562 0.998396606061903 -0.710922362917108 0.998396606061906 0 1.59919820766352 -0.355461181458554 1 5 2 5 3 2 1 4 5 4 3 5 
16 14 1 0.186782591437549
104.612939747844 6.19000012963079 -13.1999986171722 104.826397329483 2.69999933242798 -13.1999986171722 104.446824959688 6.19000012963079 -15.3999984264374 105.709825947766 2.69999933242798 -1.5 104.660282541327 2.69999933242798 -15.3999984264374 105.767930429419 1.74999940395356 -1.5 104.479187398905 2.69999933242798 -17.7983958431224 104.884501811136 1.74999940395356 -13.1999986171722 104.479799039072 2.68999910354615 -17.7983958431224 104.963611387302 0.456569197509417 -13.1999986171722 104.389069912321 2.68999910354615 -18.9999990463257 104.797496599146 0.456569197509417 -15.3999984264374 104.525672329972 0.456569197509417 -18.9999990463257 104.71838702298 1.74999940395355 -15.3999984264374 104.6162804437 0.456569197509417 -17.7999985218048 104.537170867534 1.74999940395355 -17.7999985218048 6.41575387165711 -13.4258483814016 2.91923135583722 -13.4258483814016 6.42589493632749 -15.6320873626587 2.86529933178866 -1.69266871422632 2.92937242050759 -15.6320873626587 1.91352415093472 -1.69266871422632 2.94042801387876 -18.0372866044733 1.96745617498327 -13.4258483814016 2.93040909770066 -18.0372866044733 0.671608952513226 -13.4258483814016 2.93594797808624 -19.2422975393587 0.681750017183606 -15.6320873626587 0.698344490940351 -19.2422975393587 1.97759723965365 -15.6320873626587 0.692812998222759 -18.0388938283324 1.9886602206928 -18.0388938283324 15 13 16 8 14 2 13 11 16 10 12 8 6 8 4 12 14 8 14 16 5 11 9 16 9 7 5 8 2 4 5 1 2 1 5 3 5 2 14 16 9 5 
8 6 1 0.0666616498952534
104.6162804437 -0.45656919750967 -17.7999985218048 104.525672329972 -0.456569197509609 -18.9999990463257 104.63005769838 -0.0507609087690071 -17.7999985218048 104.627473822051 0.203020383163096 -17.7999985218048 104.6162804437 0.456569197509417 -17.7999985218048 104.539449584653 -0.0507609087690062 -18.9999990463257 104.536865708324 0.203020383163096 -18.9999990463257 104.525672329972 0.456569197509416 -18.9999990463257 0.121827111155888 18.04188777558 0.121827111155888 19.2453041994016 0.0676817284199383 18.0408504529704 0.0338408642099697 18.0410449992329 1.04083408558608e-17 18.04188777558 0.0676817284199392 19.244266876776 0.0338408642099664 19.2444614230429 1.31838984174237e-16 19.2453041994016 5 4 7 7 8 5 4 6 7 3 1 6 2 6 1 3 6 4 
8 6 1 0.0666616498952534
104.6162804437 -0.456569197509669 -17.7999985218048 104.525672329972 -0.456569197509669 -18.9999990463257 104.63005769838 -0.0507609087690071 -17.7999985218048 104.627473822051 0.203020383163096 -17.7999985218048 104.6162804437 0.456569197509417 -17.7999985218048 104.539449584653 -0.0507609087690062 -18.9999990463257 104.536865708324 0.203020383163096 -18.9999990463257 104.525672329972 0.456569197509417 -18.9999990463257 0.121827111155888 18.04188777558 0.121827111155888 19.2453041994016 0.0676817284199396 18.0408504529463 0.033840864209967 18.0410449992241 1.31838984174237e-16 18.04188777558 0.0676817284199393 19.244266876776 0.0338408642099663 19.2444614230429 1.21430643318376e-17 19.2453041994016 5 4 7 7 8 5 4 6 7 3 1 6 2 6 1 3 6 4 

TShapes 21
Ve
2.29312654754152e-06
105.099992275238 6.72499942779541 -18.9999990463257
0 0

0101101
*
Ve
1.30499997946884e-06
105.099992275238 2.68999910354615 -18.9999990463257
0 0

0101101
*
Ed
 1.33226762955019e-15 1 1 0
1  1 0 -4.30493197624802 -0.269931651998764
2  1 1 3 -4.30493197624802 -0.269931651998764
2  2 2 4 -4.30493197624802 -0.269931651998764
0

0101000
+21 0 -20 0 *
Ve
1.95446618194559e-06
106.254058637407 6.72499942779541 -18.9999990463256
0 0

0101101
*
Ed
 2.22044604925031e-16 1 1 0
1  2 0 -8.42675761201626 -7.27269124984737
2  3 1 3 -8.42675761201626 -7.27269124984737
2  4 3 7 -8.42675761201626 -7.27269124984737
0

0101000
+18 0 -21 0 *
Ve
5.22098950342633e-06
104.389069912321 2.68999910354615 -18.9999990463257
0 0

0101101
*
Ed
 2.1316282072803e-14 1 1 0
1  3 0 -5.04999613761902 -4.33907377470192
2  5 1 3 -5.04999613761902 -4.33907377470192
2  6 4 4 -5.04999613761902 -4.33907377470192
6  1 1 3
6  2 2 4
0

0101000
+20 0 -16 0 *
Ve
1.90474875218504e-06
106.637452233965 0.456569197509416 -19.9999990463257
0 0

0101101
*
Ed
 2.23328750349341e-14 1 1 0
1  4 0 -8.69784684358989 -2.41770288012495
2  7 5 11 -8.69784684358989 -2.41770288012495
2  8 1 0 -8.69784684358989 -2.41770288012495
0

0101000
+18 12 -14 0 *
Ve
5.22098950342633e-06
104.525672329972 0.456569197509417 -19.9999990463257
0 0

0101101
*
Ed
 2.21332921668298e-14 1 1 0
1  5 0 -4.71976690330641 -2.48216341616052
2  9 6 13 -4.71976690330641 -2.48216341616052
2  10 1 1 -4.71976690330641 -2.48216341616052
6  3 1 1
6  4 3 13
0

0101000
+16 14 -12 0 *
Ve
1.93295690011696e-06
106.637452233965 -0.456569197509609 -19.9999990463257
0 0

0101101
*
Ed
 4.90001256809172e-09 1 1 0
1  6 0 3.08067909801185 3.20250620916774
2  11 7 11 3.08067909801185 3.20250620916774
2  12 1 0 3.08067909801185 3.20250620916774
6  5 1 0
6  6 4 11
0

0101000
+10 0 -14 0 *
Ve
0.0001
104.525672329972 -0.456569197509669 -19.9999990463257
0 0

0101101
*
Ed
 4.9003150478785e-09 1 1 0
1  7 0 3.08067909801185 3.20250620916774
2  13 8 13 3.08067909801185 3.20250620916774
2  14 1 1 3.08067909801185 3.20250620916774
6  7 1 1
6  8 5 13
0

0101000
+8 0 -12 0 *
Ve
1.94432338574873e-06
106.526232212488 -2.27500057220459 -18.9999990463256
0 0

0101101
*
Ed
 2.14821700382967e-14 1 1 0
1  8 0 -15.248850310853 -13.4270208573496
2  15 9 11 -15.248850310853 -13.4270208573496
2  16 1 0 -15.248850310853 -13.4270208573496
0

0101000
-6 12 +10 0 *
Ve
5.2875220486687e-06
104.414452308495 -2.27500057220459 -18.9999990463256
0 0

0101101
*
Ed
 2.26093314050464e-14 1 1 0
1  9 0 -15.1843897748174 -13.3625603213141
2  17 10 13 -15.1843897748174 -13.3625603213141
2  18 1 1 -15.1843897748174 -13.3625603213141
0

0101000
-4 14 +8 0 *
Ed
 2.22044604925031e-16 1 1 0
1  10 0 -8.69893118709754 -6.5871512831048
2  19 1 3 -8.69893118709754 -6.5871512831048
2  20 11 7 -8.69893118709754 -6.5871512831048
0

0101000
+6 0 -4 0 *
Wi

0101100
+19 0 +17 0 +15 0 -13 3 +11 2 +9 3 -7 2 -5 3 +3 2 -2 0 
*

-1 0 
0

