DBRep_DrawableShape

CASCADE Topology V1, (c) Matra-Datavision
Locations 22
1
              1               0               0               0 
              0 0.984807753012208 -0.17364817766693               0 
              0 0.17364817766693 0.984807753012208               0 
1
              1               0               0               0 
              0 0.866025403784439             0.5               0 
              0            -0.5 0.866025403784439               0 
1
0.984807753012208               0 -0.17364817766693               0 
              0               1               0               0 
0.17364817766693               0 0.984807753012208               0 
1
0.984807753012208               0 -0.17364817766693               0 
              0               1               0               0 
0.17364817766693               0 0.984807753012208               0 
1
0.984807753012208               0 -0.17364817766693               0 
              0               1               0               0 
0.17364817766693               0 0.984807753012208               0 
1
0.984807753012208               0 -0.17364817766693               0 
              0               1               0               0 
0.17364817766693               0 0.984807753012208               0 
1
0.984807753012208               0 -0.17364817766693               0 
              0               1               0               0 
0.17364817766693               0 0.984807753012208               0 
2  1 1 2 1 3 1 4 1 5 1 6 1 7 1 0
1
5.68434188628659e-15 0.422618261721307 0.906307787045693     -107.370051 
              1 7.9012199427184e-15 -9.9563766889504e-15    -78.99998267 
-1.13686837705732e-14 0.906307787045693 -0.422618261721307     203.7068247 
2  9 -1 0
1
-0.422618261721307 -6.00576671830279e-15 -0.906307787045693     -104.411724 
1.42108547171492e-14              -1 1.8446250091145e-25    -103.7499827 
-0.906307787045693 -1.28794082906493e-14 0.422618261721307     210.0509796 
2  11 -1 0
1
-0.422618261721307 -6.00576671830279e-15 -0.906307787045693     -104.411724 
1.42108547171492e-14              -1 1.8446250091145e-25    -153.2499827 
-0.906307787045693 -1.28794082906493e-14 0.422618261721307     210.0509796 
2  13 -1 0
1
0.422618261721307               0 0.906307787045693     -107.370051 
              0              -1               0    -184.4999827 
0.906307787045693               0 -0.422618261721307     203.7068247 
2  15 -1 0
1
              0 -0.422618261721307 0.906307787045693    -129.9378662 
             -1              -0               0    -184.4999827 
              0 -0.906307787045693 -0.422618261721307     155.3099889 
2  17 -1 0
1
0.422618261721307 8.30929528741893e-15 -0.906307787045693    -132.8961949 
1.55157107143395e-26               1 9.16829294219289e-15    -164.2499827 
0.906307787045693 -3.87468802619535e-15 0.422618261721307     148.9658348 
2  19 -1 0
1
0.422618261721307 8.30929528741893e-15 -0.906307787045693    -132.8961949 
1.55157107143395e-26               1 9.16829294219289e-15    -114.7499827 
0.906307787045693 -3.87468802619535e-15 0.422618261721307     148.9658348 
2  21 -1 0
Curve2ds 51
7 0 0  7 8 2  1.5707963349247418 1.599999134891789  1.3463968773991515 1.5999992055954688  1.1219929840066314 1.599999273680488  0.89760564456906433 1.5999993514496531  0.67319071949257181 1.5999994180926376  0.44880333537966682 1.5999994406701281  0.22439947828570581 1.5999994280111509  1.1102230246251565e-16 1.5999994490460012 
 0 8 1 8
7 0 0  1 2 2  1.0500000249745653 -1.0500007763610597  1.0500001725393986 -54.450000718682674 
 0 2 1 2
7 0 0  3 25 23  1.5707963821682027 4.6000011880939837  1.5469964378229712 4.6000011954022062  1.4993965490383043 4.6000012100184406  1.4279967155809807 4.6000012318312207  1.3565968818450536 4.6000012534210839  1.2851970478342185 4.6000012746780685  1.2137972135533999 4.6000012954937777  1.142397379008937 4.6000013157623698  1.0709975442085578 4.600001335380222  0.99959770916118995 4.6000013542476044  0.92819787387714192 4.6000013722683351  0.85679803836783763 4.6000013893504823  0.78539820264588334 4.6000014054071423  0.71399836672496197 4.6000014203563735  0.64259853061979932 4.6000014341220696  0.57119869434599846 4.6000014466340753  0.49979885792009116 4.6000014578286015  0.42839902135932462 4.6000014676486281  0.35699918468167569 4.6000014760441088  0.2855993479056963 4.6000014829722877  0.21419951105044879 4.6000014883977585  0.14279967413538611 4.6000014922931021  0.071399837180279577 4.6000014946378176  0.023799945863509683 4.6000014951608064  2.0510527742015115e-10 4.6000014951601429 
 1.7166712495999999e-12 4 0.071399833037770519 1 0.14279966607382438 1 0.21419949910987823 1 0.28559933214593208 1 0.35699916518198593 1 0.42839899821803978 1 0.49979883125409363 1 0.57119866429014743 1 0.64259849732620133 1 0.71399833036225513 1 0.78539816339830892 1 0.85679799643436283 1 0.92819782947041674 1 0.99959766250647053 1 1.0709974955425243 1 1.1423973285785782 1 1.2137971616146321 1 1.285196994650686 1 1.3565968276867397 1 1.4279966607227936 1 1.4993964937588475 1 1.5707963267949014 4
7 0 0  6 7 2  117.54999403000001 -72.810972523446864  117.54951960060959 -74.119969376465917  117.14004497796134 -75.429340096435922  116.31473222106203 -76.575710709368238  115.16836158450111 -77.401023490736975  113.85899088301412 -77.810498177907135  112.54999403000001 -77.810972620774365 
 1.7166712495999999e-12 7 1.5707963267949014 7
7 0 0  1 2 2  112.54999403000001 -77.810972620774365  87.799993999999998 -77.810972620774365 
 0 2 1 2
7 0 0  3 25 23  1.5707963270000092 1.599999970550158  1.5469963836180503 1.5999999705500381  1.4993964968541094 1.5999999706495736  1.4279966666934978 1.5999999710957908  1.3565968365034979 1.5999999718370679  1.2851970062696121 1.5999999728695908  1.2137971759775825 1.5999999741879583  1.1423973456133825 1.5999999757857015  1.0709975151634303 1.5999999776543636  0.9995976846145469 1.5999999797847864  0.92819785395405241 1.5999999821657847  0.85679802316982634 1.5999999847854356  0.78539819225043561 1.5999999876303059  0.71399836118499149 1.5999999906859037  0.64259852996380085 1.5999999939366627  0.57119869857623218 1.5999999973660548  0.49979886701931386 1.6000000009565134  0.42839903526492662 1.6000000046897873  0.35699920338359786 1.6000000085469641  0.28559937108170014 1.6000000125082037  0.21419953942936412 1.6000000165534298  0.14279970441200224 1.6000000206620535  0.071399880995693804 1.6000000248130417  0.023799969208758865 1.6000000275945214  0 1.6000000289852814 
 1.4210854715000002e-14 4 0.071399833036062538 1 0.14279966607211086 1 0.21419949910815919 1 0.28559933214420752 1 0.35699916518025587 1 0.42839899821630417 1 0.49979883125235247 1 0.57119866428840083 1 0.64259849732444918 1 0.71399833036049754 1 0.78539816339654578 1 0.85679799643259413 1 0.92819782946864249 1 0.99959766250469073 1 1.0709974955407391 1 1.1423973285767874 1 1.2137971616128358 1 1.2851969946488842 1 1.3565968276849325 1 1.4279966607209809 1 1.499396493757029 1 1.5707963267930773 4
7 0 0  6 7 2  87.799994000000012 -77.810972620774365  87.276395262988473 -77.811173635837477  86.752651056832988 -77.974939581162388  86.2940992132486 -78.30507783825125  85.963961107678543 -78.763629578738488  85.800195112021242 -79.28737380674319  85.799994000000027 -79.810972543717497 
 1.4210854715000002e-14 7 1.5707963267930773 7
7 0 0  1 2 2  85.799993999999998 -79.810972543717469  85.799993999999998 -81.660972544932292 
 0 2 1 2
7 0 0  5 6 2  3.1415926534102088 3.000000446276772  3.455668930085376 3.0000004084335754  3.7701051254489046 3.0000004093338597  4.0838757053894454 3.0000002981086711  4.3983134403856337 3.0000002751259833  4.7123890319941335 3.0000002650151885 
 0 6 1 6
7 0 0  7 8 2  82.299993999999998 -85.160972579252061  83.085184625668347 -85.160683031629247  83.871223518580138 -84.956059418442337  84.591486645539717 -84.543582708541265  85.182594405430294 -83.952463379649316  85.595085541888622 -83.232205081781203  85.799704463196775 -82.446161457937521  85.799993999999998 -81.660972544932278 
 0 8 1 8
7 0 0  5 6 2  1.5707962748262818 3.0000002650151885  1.884871866434779 3.0000002751259776  2.1993096386035038 3.0000002981086777  2.5130801739802515 3.0000004093338557  2.8275164053064588 3.0000004084335785  3.1415926534102088 3.000000446276772 
 0 6 1 6
7 0 0  7 8 2  78.799993999999998 -81.660972544932278  78.800283608223467 -82.446161457911458  79.004902539863281 -83.232205112099848  79.417393742068668 -83.952463296953169  80.008501323780536 -84.543582761161758  80.728764482402084 -84.95605947602607  81.51480344575991 -85.16068303165541  82.299993999999998 -85.160972579252061 
 0 8 1 8
7 0 0  1 2 2  4.0499999923323529 -1.0499999931024058  4.0500000031839951 -2.8999999943172261 
 0 2 1 2
7 0 0  9 10 2  1.5707963270000092 4.6000002940003801  1.3962633615178826 4.6000002712523953  1.2217642223908254 4.600000276862211  1.0470580473045363 4.600000287745992  0.87289855817819473 4.6000002874316301  0.69789740212196893 4.6000002788153251  0.52373868695580905 4.6000002603348831  0.34903170023187774 4.6000002439374041  0.17453292646667301 4.6000002364989419  1.1102230246251565e-16 4.6000002456314109 
 0 10 1 10
7 0 0  1 2 2  76.799993999999998 -77.810972620774365  38.299993999999998 -77.810972620774365 
 0 2 1 2
7 0 0  3 25 23  1.5707963269984246 1.599999970550158  1.5469963836164837 1.599999970550035  1.4993964968525479 1.5999999706495722  1.4279966666919022 1.5999999710958002  1.3565968365019103 1.5999999718370321  1.2851970062680431 1.599999972869554  1.2137971759759887 1.5999999741879714  1.1423973456117771 1.5999999757856858  1.0709975151618634 1.5999999776544134  0.99959768461295795 1.5999999797847735  0.92819785395246657 1.599999982165788  0.85679802316822606 1.5999999847854334  0.78539819224883722 1.5999999876303108  0.71399836118339988 1.5999999906858873  0.64259852996222089 1.599999993936724  0.57119869857464489 1.5999999973659964  0.49979886701771287 1.6000000009565172  0.42839903526332307 1.6000000046898313  0.3569992033820017 1.6000000085469559  0.28559937108013828 1.6000000125081939  0.21419953942772177 1.600000016553478  0.1427997044105328 1.6000000206620404  0.071399880993819803 1.6000000248130444  0.023799969207781449 1.6000000275945252  0 1.6000000289852832 
 1.5916157280000001e-12 4 0.071399833037640581 1 0.14279966607368955 1 0.21419949910973851 1 0.28559933214578748 1 0.35699916518183644 1 0.42839899821788541 1 0.49979883125393437 1 0.57119866428998334 1 0.64259849732603236 1 0.71399833036208127 1 0.78539816339813018 1 0.8567979964341792 1 0.92819782947022822 1 0.99959766250627713 1 1.070997495542326 1 1.1423973285783751 1 1.2137971616144241 1 1.2851969946504731 1 1.3565968276865219 1 1.4279966607225709 1 1.4993964937586199 1 1.570796326794669 4
7 0 0  6 7 2  38.299993999999998 -77.810972620774365  37.776395262988324 -77.811173635837676  37.252651056817172 -77.974939581171014  36.794099213262044 -78.305077838237622  36.463961107669789 -78.763629578754362  36.300195112021157 -79.287373806743403  36.299993999999998 -79.810972543717497 
 1.5916157280000001e-12 7 1.570796326794669 7
7 0 0  1 2 2  36.299993999999998 -79.810972543717469  36.299993999999998 -81.660972544932292 
 0 2 1 2
7 0 0  5 6 2  3.1415926534102092 3.000000446276772  3.4556689300853765 3.0000004084335754  3.7701051254489011 3.0000004093338597  4.0838757053894517 3.0000002981086711  4.3983134403856354 3.0000002751259833  4.7123890319941335 3.0000002650151885 
 0 6 1 6
7 0 0  7 8 2  32.799993999999991 -85.160972579252061  33.585184625668219 -85.160683031629276  34.371223518580642 -84.956059418442081  35.091486645538915 -84.543582708541749  35.682594405430919 -83.95246337964862  36.095085541888402 -83.232205081781785  36.299704463196754 -82.446161457937279  36.299993999999991 -81.660972544932278 
 0 8 1 8
7 0 0  5 6 2  1.5707962748262829 3.0000002650151885  1.8848718664347801 3.0000002751259776  2.1993096386034994 3.0000002981086777  2.5130801739802502 3.0000004093338557  2.8275164053064614 3.0000004084335785  3.1415926534102092 3.000000446276772 
 0 6 1 6
7 0 0  7 8 2  29.299994000000002 -81.660972544932278  29.300283608223197 -82.446161457911458  29.504902539864371 -83.232205112099749  29.917393742066832 -83.952463296953482  30.508501323782244 -84.543582761161417  31.228764482401061 -84.956059476026255  32.0148034457603 -85.160683031655367  32.799994000000005 -85.160972579252061 
 0 8 1 8
7 0 0  1 2 2  4.0499999923323529 -1.0499999931024058  4.0500000031839951 -2.8999999943172261 
 0 2 1 2
7 0 0  9 10 2  1.570796327000016 4.6000002940004379  1.3962633615178917 4.6000002712524584  1.2217642223908729 4.6000002768622181  1.0470580473045608 4.6000002877461981  0.87289855817812756 4.6000002874314356  0.69789740212209839 4.6000002788156724  0.52373868695572146 4.6000002603347241  0.34903170023196517 4.6000002439375702  0.17453292646667595 4.6000002364989649  -1.1102230246251565e-16 4.6000002456314748 
 0 10 1 10
7 0 0  1 2 2  27.299993999999998 -77.810972620774365  7.0499939999999981 -77.810972620774365 
 0 2 1 2
7 0 0  3 25 23  1.5707963269984018 4.6000012232677818  1.5469963813400067 4.6000012232684417  1.4993964900232359 4.6000012227454548  1.4279966530680999 4.6000012204007508  1.3565968161530486 4.6000012165053592  1.2851969792977957 4.6000012110799009  1.2137971425218035 4.6000012041517193  1.1423973058441579 4.6000011957562386  1.0709974692833948 4.6000011859362111  0.99959763285745828 4.6000011747416858  0.9281977965836733 4.6000011622296801  0.85679796047848455 4.6000011484639822  0.78539812455755853 4.6000011335147546  0.71399828883561356 4.6000011174580893  0.64259845332630128 4.6000011003759589  0.57119861804223715 4.6000010823551616  0.49979878299487651 4.6000010634878628  0.42839894819446417 4.6000010438699137  0.35699911365002907 4.6000010236014486  0.28559927936919544 4.6000010027856719  0.21419944535834795 4.6000009815286607  0.14279961162241828 4.6000009599388028  0.071399778165092714 4.6000009381260236  0.023799889380422733 4.6000009235097883  -5.4964812257196627e-08 4.6000009162015658 
 1.5973000700000001e-12 4 0.071399833037656749 1 0.14279966607371619 1 0.21419949910977562 1 0.28559933214583505 1 0.35699916518189451 1 0.42839899821795391 1 0.49979883125401336 1 0.57119866429007282 1 0.64259849732613228 1 0.71399833036219174 1 0.78539816339825119 1 0.85679799643431054 1 0.92819782947036999 1 0.99959766250642945 1 1.070997495542489 1 1.1423973285785485 1 1.2137971616146079 1 1.2851969946506674 1 1.3565968276867268 1 1.4279966607227863 1 1.4993964937588458 1 1.5707963267949052 4
7 0 0  6 7 2  7.0499939999999981 -77.810972620774351  5.7409971469859595 -77.810498177883204  4.4316264497295697 -77.401023440292946  3.285255850255179 -76.575710689336915  2.459943079069558 -75.429340063299094  2.0504684877327377 -74.119969376444871  2.0499939999999977 -72.810972523446864 
 1.5973000700000001e-12 7 1.5707963267949052 7
7 0 0  5 6 2  1.0500001725393986 -54.450000718682674  1.0500001780573029 -43.7700007024184  1.0500001413133759 -33.090000776784933  1.0500000562005312 -22.410000718258843  1.0500000617184355 -11.730000701994555  1.0500000249745653 -1.0500007763610597 
 0 6 53.399999942321628 6
7 0 0  3 25 23  1.5707962718300732 4.6000011880939269  1.5469963274846008 4.6000011807857355  1.4993964388878616 4.600001166169509  1.427996606273082 4.6000011443566722  1.3565967739368803 4.6000011227668631  1.2851969418756188 4.6000011015098803  1.2137971100843232 4.600001080694109  1.1423972785566554 4.6000010604255932  1.0709974472849564 4.6000010408076779  0.99959761626018895 4.6000010219402965  0.92819778547212772 4.6000010039196235  0.85679795490933164 4.6000009868374132  0.78539812455916147 4.6000009707807816  0.7139982944079708 4.6000009558314963  0.64259846444103297 4.6000009420658197  0.57119863464271292 4.6000009295537918  0.49979880499650836 4.6000009183593296  0.42839897548516315 4.6000009085392408  0.35699914609069783 4.6000009001437752  0.28559931679457018 4.6000008932155971  0.21419948757769963 4.6000008877901104  0.14279965842064909 4.6000008838948263  0.071399829303639251 4.6000008815500593  0.023799943238999519 4.6000008810270616  2.0669971259995072e-10 4.6000008810277393 
 1.1368683772000001e-14 4 0.071399833036070157 1 0.14279966607212896 1 0.21419949910818775 1 0.28559933214424654 1 0.35699916518030533 1 0.42839899821636412 1 0.49979883125242291 1 0.57119866428848165 1 0.64259849732454044 1 0.71399833036059923 1 0.78539816339665802 1 0.85679799643271681 1 0.9281978294687756 1 0.99959766250483439 1 1.0709974955408932 1 1.142397328576952 1 1.2137971616130108 1 1.2851969946490696 1 1.3565968276851283 1 1.4279966607211871 1 1.4993964937572459 1 1.5707963267933047 4
7 0 0  6 7 2  2.0499939999999972 -19.410972581125247  2.0504684877728732 -18.101975728127513  2.4599431918051278 -16.792605015127879  3.2852558091836244 -15.646234508233135  4.4316265734984244 -14.820921678594724  5.7409971469731573 -14.411447024358438  7.0499939999999981 -14.410972616690342 
 1.1368683772000001e-14 7 1.5707963267933047 7
7 0 0  1 2 2  1.0499999414067618 -1.0499992999999961  1.0499999414067618 -21.299999299999996 
 0 2 1 2
7 0 0  3 25 23  1.5707963269984246 1.6000000390514231  1.5469963834153024 1.6000000390511657  1.4993964962490336 1.6000000392603615  1.4279966654879868 1.6000000401982337  1.3565968347037078 1.6000000417563549  1.28519700388469 1.6000000439266242  1.2137971730196804 1.6000000466978617  1.1423973420975653 1.6000000500560407  1.0709975111076151 1.6000000539840356  0.99959768003935734 1.6000000584618885  0.92819784888280599 1.6000000634666738  0.8567980176283907 1.6000000689729434  0.78539818626700608 1.6000000749526198  0.71399835479011198 1.6000000813753235  0.64259852318978894 1.6000000882081766  0.57119869145871149 1.6000000954164502  0.49979885959020987 1.6000001029633821  0.42839902757835818 1.6000001108105928  0.35699919541794628 1.6000001189179764  0.28559936310447448 1.6000001272442308  0.2141995306342972 1.6000001357470599  0.14279969800450171 1.6000001443830285  0.071399865213011282 1.6000001531081163  0.023799976576857319 1.6000001589546127  3.2231433522156281e-08 1.6000001618779152 
 1.5774048735e-12 4 0.071399833037628965 1 0.14279966607368053 1 0.21419949910973207 1 0.28559933214578365 1 0.35699916518183522 1 0.42839899821788674 1 0.49979883125393831 1 0.57119866428998989 1 0.64259849732604146 1 0.71399833036209304 1 0.78539816339814461 1 0.85679799643419607 1 0.92819782947024765 1 0.99959766250629922 1 1.0709974955423509 1 1.1423973285784024 1 1.2137971616144538 1 1.2851969946505055 1 1.356596827686557 1 1.4279966607226087 1 1.4993964937586601 1 1.5707963267947116 4
7 0 0  6 7 2  27.299993999999998 -14.410972616690344  27.823592736969385 -14.410771490899867  28.347337018613928 -14.247005553114187  28.805888806742573 -13.916867377817397  29.136027004679715 -13.458315578376997  29.299792971366767 -12.934571297861297  29.299994000000005 -12.410972560854631 
 1.5774048735e-12 7 1.5707963267947116 7
7 0 0  1 2 2  4.0499999984394588 -1.0500002166258  4.0499999186603004 -2.9000001755787905 
 0 2 1 2
7 0 0  5 6 2  1.1102230246251565e-16 2.9999999508609911  0.31407623997089806 2.9999999887694155  0.62851244970043552 2.9999999486047786  0.94228299648820113 2.9999999391690162  1.256720756959343 2.9999999043512893  1.570796352509827 2.9999999055455646 
 0 6 1 6
7 0 0  7 8 2  32.799993999999998 -7.0609725253199951  32.014803445784288 -7.0612621376451914  31.228764519015435 -7.2658857163285386  30.508501393774875 -7.6783624266938739  29.917393762020325 -8.2694818446434581  29.504902549507907 -8.9897400580897813  29.300283608234164 -9.7757836587355182  29.299994000000002 -10.560972601901637 
 0 8 1 8
7 0 0  5 6 2  4.7123889543105895 2.9999999055455642  5.0264645498610605 2.9999999043512764  5.3409022736805012 2.9999999391690411  5.654672863595346 2.9999999486047528  5.9691090386372592 2.9999999887694293  6.2831853071795853 2.9999999508609907 
 0 6 1 6
7 0 0  7 8 2  36.299993999999998 -10.560972601901639  36.299704463185762 -9.7757836587092033  36.095085543168473 -8.9897401111547417  35.682594359858868 -8.2694817658715607  35.091486667133921 -7.6783624523240732  34.37122348910875 -7.2658857244571129  33.585184625644182 -7.061262137671509  32.799993999999998 -7.0609725253199969 
 0 8 1 8
7 0 0  1 2 2  36.299993999999998 -10.560972601901629  36.299993999999998 -12.410972560854621 
 0 2 1 2
7 0 0  9 10 2  1.5707963269999878 4.6000002940004387  1.3962634226289707 4.6000002666044795  1.2217642920152887 4.6000002716713118  1.0470583364642079 4.6000002840973035  0.87289801958418589 4.600000286518787  0.69789851093675315 4.6000002902011792  0.52373794140401098 4.6000002886931659  0.34903219403795677 4.6000002962300011  0.17453298828114958 4.6000003030262153  6.1814468321763627e-08 4.6000002940003819 
 0 10 1 10
7 0 0  1 2 2  1.0499999414067618 -1.0500030999999979  1.0499999414067618 -39.550003099999998 
 0 2 1 2
7 0 0  3 25 23  1.570796327000002 1.6000000390514231  1.5469963834168767 1.6000000390511688  1.4993964962506054 1.6000000392603644  1.4279966654895657 1.6000000401982175  1.3565968347052555 1.600000041756418  1.2851970038862612 1.6000000439265578  1.2137971730212243 1.6000000466978923  1.1423973420991167 1.6000000500559843  1.0709975111091592 1.6000000539840613  0.99959768004090577 1.6000000584618435  0.92819784888436385 1.6000000634666565  0.85679801762993157 1.6000000689728873  0.78539818626853819 1.6000000749526924  0.71399835479166718 1.6000000813752584  0.64259852319130883 1.6000000882081942  0.57119869146022673 1.6000000954164457  0.49979885959172315 1.6000001029633835  0.42839902757989068 1.6000001108105915  0.35699919541942343 1.6000001189179809  0.28559936310598999 1.6000001272442137  0.21419953063576994 1.6000001357471219  0.14279969800602504 1.6000001443829681  0.071399865214494998 1.6000001531081254  0.023799976578334835 1.6000001589546302  3.2232918556473788e-08 1.6000001618779152 
 0 4 0.071399833036055432 1 0.14279966607211086 1 0.2141994991081663 1 0.28559933214422173 1 0.35699916518027719 1 0.42839899821633259 1 0.499798831252388 1 0.57119866428844346 1 0.64259849732449892 1 0.71399833036055438 1 0.78539816339660973 1 0.85679799643266519 1 0.92819782946872065 1 0.999597662504776 1 1.0709974955408315 1 1.1423973285768869 1 1.2137971616129424 1 1.2851969946489978 1 1.3565968276850533 1 1.4279966607211088 1 1.499396493757164 1 1.5707963267932195 4
7 0 0  6 7 2  76.799994000000012 -14.410972616690346  77.323592736969715 -14.410771490899849  77.847337018596846 -14.247005553123143  78.305888806757778 -13.916867377803769  78.636027004670126 -13.458315578392604  78.799792971366898 -12.934571297861298  78.799994000000027 -12.410972560854633 
 0 7 1.5707963267932195 7
7 0 0  1 2 2  4.0499999984394588 -1.0500002166258  4.0499999186603004 -2.9000001755787905 
 0 2 1 2
7 0 0  5 6 2  0 2.9999999508609911  0.31407623997089412 2.9999999887694155  0.62851244970043452 2.9999999486047786  0.9422829964881938 2.9999999391690162  1.2567207569593379 2.9999999043512893  1.570796352509823 2.9999999055455646 
 0 6 1 6
7 0 0  7 8 2  82.299993999999998 -7.0609725253199942  81.514803445784395 -7.0612621376451941  80.728764519014831 -7.2658857163285386  80.008501393775873 -7.6783624266938864  79.417393762019444 -8.2694818446434191  79.004902549508458 -8.9897400580898115  78.800283608233983 -9.7757836587355147  78.799993999999998 -10.560972601901636 
 0 8 1 8
7 0 0  5 6 2  4.7123889543105859 2.9999999055455642  5.0264645498610543 2.9999999043512764  5.3409022736805163 2.9999999391690411  5.6546728635953238 2.9999999486047528  5.9691090386372636 2.9999999887694293  6.2831853071795853 2.9999999508609907 
 0 6 1 6
7 0 0  7 8 2  85.799993999999998 -10.560972601901639  85.79970446318579 -9.7757836587092033  85.595085543168182 -8.9897401111547381  85.182594359859422 -8.2694817658715465  84.591486667133623 -7.6783624523240652  83.8712234891088 -7.2658857244571129  83.085184625644231 -7.0612621376715055  82.299993999999998 -7.0609725253199969 
 0 8 1 8
7 0 0  1 2 2  85.799993999999998 -10.560972601901629  85.799993999999998 -12.410972560854621 
 0 2 1 2
7 0 0  9 10 2  1.5707963269999881 4.6000002940004387  1.3962634226289767 4.6000002666044795  1.2217642920152492 4.6000002716713118  1.0470583364642718 4.6000002840973035  0.87289801958404167 4.600000286518787  0.69789851093694644 4.6000002902011792  0.52373794140382945 4.6000002886931659  0.34903219403802571 4.6000002962300011  0.17453298828113664 4.6000003030262153  6.1814461105313967e-08 4.6000002940003819 
 0 10 1 10
7 0 0  1 2 2  1.0499999414067618 -1.0500030500000008  1.0499999414067618 -25.80000308000001 
 0 2 1 2
Curves 36
7 0 0  11 12 2  -129.9378662 -73.999982669999994 155.30998890000001  -130.23961489999999 -73.999982669999994 154.6628867  -130.54136370000001 -74.112137259999997 154.0157844  -130.8348398 -74.336446449999997 153.38642290000001  -131.11177069999999 -74.669066760000007 152.79254259999999  -131.36424819999999 -75.102311240000006 152.25110280000001  -131.58509330000001 -75.624875250000002 151.77749900000001  -131.76819040000001 -76.222288039999995 151.3848461  -131.90876180000001 -76.87756229 151.0833897  -132.0035589 -77.571986050000007 150.8800966  -132.05095750000001 -78.285984330000005 150.77844999999999  -132.05095750000001 -78.999982669999994 150.77844999999999 
 0 12 1 12
7 0 0  5 6 2  -107.37005190000001 -73.999982669999994 203.7068251  -111.8836149 -73.999982669999994 194.027458  -116.3971779 -73.999982669999994 184.34809079999999  -120.910741 -73.999982669999994 174.66872359999999  -125.42430400000001 -73.999982669999994 164.98935650000001  -129.93786700000001 -73.999982669999994 155.30998930000001 
 0 6 1 6
2 0 0 0 0 0 1 1 0 -0 -0 1 0 5
7 0 0  5 6 2  -105.25696050000001 -78.999982669999994 208.23836410000001  -105.25696050000001 -83.949982669999997 208.23836410000001  -105.25696050000001 -88.89998267 208.23836410000001  -105.25696050000001 -93.849982670000003 208.23836410000001  -105.25696050000001 -98.799982670000006 208.23836410000001  -105.25696050000001 -103.7499827 208.23836410000001 
 0 6 1 6
2 0 0 0 0 0 1 1 0 -0 -0 1 0 2
7 0 0  5 6 2  -104.41172400000001 -105.7499827 210.05097960000001  -104.25535530000001 -105.7499827 210.3863135  -104.0989865 -105.7499827 210.72164739999999  -103.9426177 -105.7499827 211.05698129999999  -103.786249 -105.7499827 211.39231520000001  -103.6298802 -105.7499827 211.72764900000001 
 0 6 1 6
7 0 0  5 6 2  -102.1507163 -109.2499827 214.8997263  -102.15085740000001 -108.1507158 214.89942379999999  -102.3325562 -107.049661 214.50976940000001  -102.6999797 -106.1802386 213.7218273  -103.165311 -105.7503262 212.72392099999999  -103.6298802 -105.749983 211.72764900000001 
 0 6 1 6
7 0 0  5 6 2  -103.6298802 -112.7499823 211.72764900000001  -103.165311 -112.7496391 212.72392099999999  -102.6999797 -112.3197267 213.7218273  -102.3325562 -111.45030439999999 214.50976940000001  -102.15085740000001 -110.3492495 214.89942379999999  -102.1507163 -109.2499827 214.8997263 
 0 6 1 6
7 0 0  5 6 2  -104.41172400000001 -112.7499827 210.05097960000001  -104.25535530000001 -112.7499827 210.3863135  -104.0989865 -112.7499827 210.72164739999999  -103.9426177 -112.7499827 211.05698129999999  -103.786249 -112.7499827 211.39231520000001  -103.6298802 -112.7499827 211.72764900000001 
 0 6 1 6
7 0 0  11 12 2  -105.25696050000001 -114.7499827 208.23836410000001  -105.25696050000001 -114.46438329999999 208.23836410000001  -105.23800110000001 -114.17878399999999 208.27902270000001  -105.2000822 -113.9010145 208.36034000000001  -105.14385369999999 -113.63890480000001 208.48092249999999  -105.0706149 -113.3999397 208.63798370000001  -104.98227679999999 -113.1909141 208.82742519999999  -104.8812858 -113.0176163 209.0440011  -104.77051350000001 -112.8845682 209.28155319999999  -104.65312299999999 -112.7948445 209.53329790000001  -104.53242349999999 -112.7499827 209.79213870000001  -104.41172400000001 -112.7499827 210.05097960000001 
 0 12 1 12
7 0 0  5 6 2  -105.25696050000001 -114.7499827 208.23836410000001  -105.25696050000001 -122.44998270000001 208.23836410000001  -105.25696050000001 -130.14998270000001 208.23836410000001  -105.25696050000001 -137.8499827 208.23836410000001  -105.25696050000001 -145.54998269999999 208.23836410000001  -105.25696050000001 -153.2499827 208.23836410000001 
 0 6 1 6
2 0 0 0 0 0 1 1 0 -0 -0 1 0 2
7 0 0  5 6 2  -104.41172400000001 -155.2499827 210.05097960000001  -104.25535530000001 -155.2499827 210.3863135  -104.0989865 -155.2499827 210.72164739999999  -103.9426177 -155.2499827 211.05698129999999  -103.786249 -155.2499827 211.39231520000001  -103.6298802 -155.2499827 211.72764900000001 
 0 6 1 6
7 0 0  5 6 2  -102.1507163 -158.7499827 214.8997263  -102.15085740000001 -157.6507158 214.89942379999999  -102.3325562 -156.54966099999999 214.50976940000001  -102.6999797 -155.6802386 213.7218273  -103.165311 -155.25032619999999 212.72392099999999  -103.6298802 -155.24998299999999 211.72764900000001 
 0 6 1 6
7 0 0  5 6 2  -103.6298802 -162.2499823 211.72764900000001  -103.165311 -162.2496391 212.72392099999999  -102.6999797 -161.81972669999999 213.7218273  -102.3325562 -160.95030439999999 214.50976940000001  -102.15085740000001 -159.84924950000001 214.89942379999999  -102.1507163 -158.7499827 214.8997263 
 0 6 1 6
7 0 0  5 6 2  -104.41172400000001 -162.2499827 210.05097960000001  -104.25535530000001 -162.2499827 210.3863135  -104.0989865 -162.2499827 210.72164739999999  -103.9426177 -162.2499827 211.05698129999999  -103.786249 -162.2499827 211.39231520000001  -103.6298802 -162.2499827 211.72764900000001 
 0 6 1 6
7 0 0  11 12 2  -105.25696050000001 -164.2499827 208.23836410000001  -105.25696050000001 -163.96438330000001 208.23836410000001  -105.23800110000001 -163.67878400000001 208.27902270000001  -105.2000822 -163.4010145 208.36034000000001  -105.14385369999999 -163.13890480000001 208.48092249999999  -105.0706149 -162.8999397 208.63798370000001  -104.98227679999999 -162.69091409999999 208.82742519999999  -104.8812858 -162.51761629999999 209.0440011  -104.77051350000001 -162.38456819999999 209.28155319999999  -104.65312299999999 -162.29484450000001 209.53329790000001  -104.53242349999999 -162.2499827 209.79213870000001  -104.41172400000001 -162.2499827 210.05097960000001 
 0 12 1 12
7 0 0  5 6 2  -105.25696050000001 -164.2499827 208.23836410000001  -105.25696050000001 -168.29998269999999 208.23836410000001  -105.25696050000001 -172.3499827 208.23836410000001  -105.25696050000001 -176.39998270000001 208.23836410000001  -105.25696050000001 -180.44998269999999 208.23836410000001  -105.25696050000001 -184.4999827 208.23836410000001 
 0 6 1 6
2 0 0 0 0 0 1 1 0 -0 -0 1 0 5
1 -129.93786700000001 -189.4999827 155.30998930000001 0.42261826075610381 0 0.90630778749577456 
2 0 0 0 0 0 1 1 0 -0 -0 1 0 5
7 0 0  5 6 2  -132.05095829999999 -164.2499827 150.7784504  -132.05095829999999 -168.29998269999999 150.7784504  -132.05095829999999 -172.3499827 150.7784504  -132.05095829999999 -176.39998270000001 150.7784504  -132.05095829999999 -180.44998269999999 150.7784504  -132.05095829999999 -184.4999827 150.7784504 
 0 6 1 6
2 0 0 0 0 0 1 1 0 -0 -0 1 0 2
7 0 0  5 6 2  -133.67803860000001 -162.2499827 147.2891654  -133.52166990000001 -162.2499827 147.6244993  -133.36530110000001 -162.2499827 147.95983319999999  -133.20893240000001 -162.2499827 148.29516699999999  -133.05256360000001 -162.2499827 148.63050089999999  -132.89619490000001 -162.2499827 148.96583480000001 
 0 6 1 6
7 0 0  5 6 2  -135.15720260000001 -158.7499827 144.11708809999999  -135.1570615 -159.84924950000001 144.11739059999999  -134.97536270000001 -160.95030439999999 144.50704500000001  -134.6079392 -161.81972669999999 145.29498720000001  -134.1426079 -162.2496391 146.2928934  -133.67803860000001 -162.2499823 147.2891654 
 0 6 1 6
7 0 0  5 6 2  -133.67803860000001 -155.24998299999999 147.2891654  -134.1426079 -155.25032619999999 146.2928934  -134.6079392 -155.6802386 145.29498720000001  -134.97536270000001 -156.54966099999999 144.50704500000001  -135.1570615 -157.6507158 144.11739059999999  -135.15720260000001 -158.7499827 144.11708809999999 
 0 6 1 6
7 0 0  5 6 2  -133.67803860000001 -155.2499827 147.2891654  -133.52166990000001 -155.2499827 147.6244993  -133.36530110000001 -155.2499827 147.95983319999999  -133.20893240000001 -155.2499827 148.29516699999999  -133.05256360000001 -155.2499827 148.63050089999999  -132.89619490000001 -155.2499827 148.96583480000001 
 0 6 1 6
7 0 0  11 12 2  -132.05095750000001 -153.2499827 150.77844999999999  -132.05095750000001 -153.53558200000001 150.77844999999999  -132.069917 -153.82118130000001 150.73779139999999  -132.1078358 -154.09895080000001 150.6564741  -132.1640644 -154.36106050000001 150.53589149999999  -132.23730320000001 -154.60002560000001 150.3788304  -132.32564120000001 -154.8090512 150.18938890000001  -132.4266322 -154.982349 149.97281290000001  -132.5374046 -155.11539719999999 149.73526079999999  -132.6547951 -155.2051208 149.4835162  -132.77549450000001 -155.2499827 149.2246753  -132.89619400000001 -155.2499827 148.96583440000001 
 0 12 1 12
7 0 0  5 6 2  -132.05095829999999 -114.7499827 150.7784504  -132.05095829999999 -122.44998270000001 150.7784504  -132.05095829999999 -130.14998270000001 150.7784504  -132.05095829999999 -137.8499827 150.7784504  -132.05095829999999 -145.54998269999999 150.7784504  -132.05095829999999 -153.2499827 150.7784504 
 0 6 1 6
2 0 0 0 0 0 1 1 0 -0 -0 1 0 2
7 0 0  5 6 2  -133.67803860000001 -112.7499827 147.2891654  -133.52166990000001 -112.7499827 147.6244993  -133.36530110000001 -112.7499827 147.95983319999999  -133.20893240000001 -112.7499827 148.29516699999999  -133.05256360000001 -112.7499827 148.63050089999999  -132.89619490000001 -112.7499827 148.96583480000001 
 0 6 1 6
7 0 0  5 6 2  -135.15720260000001 -109.2499827 144.11708809999999  -135.1570615 -110.3492495 144.11739059999999  -134.97536270000001 -111.45030439999999 144.50704500000001  -134.6079392 -112.3197267 145.29498720000001  -134.1426079 -112.7496391 146.2928934  -133.67803860000001 -112.7499823 147.2891654 
 0 6 1 6
7 0 0  5 6 2  -133.67803860000001 -105.749983 147.2891654  -134.1426079 -105.7503262 146.2928934  -134.6079392 -106.1802386 145.29498720000001  -134.97536270000001 -107.049661 144.50704500000001  -135.1570615 -108.1507158 144.11739059999999  -135.15720260000001 -109.2499827 144.11708809999999 
 0 6 1 6
7 0 0  5 6 2  -133.67803860000001 -105.7499827 147.2891654  -133.52166990000001 -105.7499827 147.6244993  -133.36530110000001 -105.7499827 147.95983319999999  -133.20893240000001 -105.7499827 148.29516699999999  -133.05256360000001 -105.7499827 148.63050089999999  -132.89619490000001 -105.7499827 148.96583480000001 
 0 6 1 6
7 0 0  11 12 2  -132.05095750000001 -103.7499827 150.77844999999999  -132.05095750000001 -104.03558200000001 150.77844999999999  -132.069917 -104.32118130000001 150.73779139999999  -132.1078358 -104.5989508 150.6564741  -132.1640644 -104.86106049999999 150.53589149999999  -132.23730320000001 -105.1000256 150.3788304  -132.32564120000001 -105.3090512 150.18938890000001  -132.4266322 -105.482349 149.97281290000001  -132.5374046 -105.6153972 149.73526079999999  -132.6547951 -105.7051208 149.4835162  -132.77549450000001 -105.7499827 149.2246753  -132.89619400000001 -105.7499827 148.96583440000001 
 0 12 1 12
7 0 0  5 6 2  -132.05095829999999 -78.999982669999994 150.7784504  -132.05095829999999 -83.949982669999997 150.7784504  -132.05095829999999 -88.89998267 150.7784504  -132.05095829999999 -93.849982670000003 150.7784504  -132.05095829999999 -98.799982670000006 150.7784504  -132.05095829999999 -103.7499827 150.7784504 
 0 6 1 6
Polygon3D 0
PolygonOnTriangulations 0
Surfaces 30
2 -128.48777449999997 -78.999982669999994 154.6338001 -0.90630781300004903 -0 0.42261820606200601 -0.42261820606200601 -2.0510526610450969e-10 -0.90630781300004903 -8.6681219614958254e-11 1 -1.8588850515797126e-10 5.0000000000000195
1 -105.9746792 -73.999982669999994 204.21469980000001 0 1 0 -0.90630778866363204 0 0.42261825825162525 0.42261825825162525 -0 0.90630778866363204 
2 -111.53906790000001 -78.999982669999994 205.65086919999999 0.90630781300004903 -0 -0.42261820606200601 0.42261820606200601 -2.0510242393356824e-10 0.90630781300004903 8.6680018461773657e-11 1 1.8588592927624114e-10 4.9999999999999822
1 -138.1412985 -191.5499767 137.71767370000001 -0.90630778702182124 0 0.42261826177249973 0 1 0 -0.42261826177249973 0 -0.90630778702182124 
2 -102.9616315 -103.7499827 209.37479039999999 -0.90630777469781953 -0 0.42261828820140562 8.6682268533819595e-11 -1 1.8589071058658355e-10 -0.42261828820140562 -2.0510770819390036e-10 -0.90630777469781953 2.0000000558356987
2 -106.34880380258102 -109.2499827 212.99550389446506 0.90630781300004659 -0 -0.42261820606201145 -0.42261820606201145 -1.795846040474214e-10 -0.90630781300004659 7.5895723198877856e-11 -1 1.6275892974269777e-10 3.4999999436889908
2 -106.34880380258102 -109.2499827 212.99550389446506 0.90630781300004659 -0 -0.42261820606201145 -0.42261820606201145 -1.795846040474214e-10 -0.90630781300004659 7.5895723198877856e-11 -1 1.6275892974269777e-10 3.4999999436889908
1 -108.52601970000001 -112.7499827 210.8109604 -0 1 0 0.90630778566762671 0 -0.42261826467657926 -0.42261826467657926 0 -0.90630778566762671 
2 -108.58074001786056 -114.7499827 211.99502376169775 0.90630777469781709 -0 -0.42261828820141112 8.6682270365493938e-11 1 1.8589071451461863e-10 -0.42261828820141112 2.0510771252800818e-10 -0.90630777469781709 2.0000000135739242
2 -102.9616315 -153.2499827 209.37479039999999 -0.90630777469781953 -0 0.42261828820140562 8.6682268533820823e-11 -1 1.8589071058658621e-10 -0.42261828820140562 -2.0510770819390328e-10 -0.90630777469781953 2.0000000558356703
2 -106.34880380258102 -158.7499827 212.99550389446506 0.90630781300004659 -0 -0.42261820606201145 -0.42261820606201145 -1.795846040474214e-10 -0.90630781300004659 7.5895723198877856e-11 -1 1.6275892974269777e-10 3.4999999436889908
2 -106.34880380258102 -158.7499827 212.99550389446506 0.90630781300004659 -0 -0.42261820606201145 -0.42261820606201145 -1.795846040474214e-10 -0.90630781300004659 7.5895723198877856e-11 -1 1.6275892974269777e-10 3.4999999436889908
1 -108.52601970000001 -162.2499827 210.8109604 -0 1 0 0.90630778566762671 0 -0.42261826467657926 -0.42261826467657926 0 -0.90630778566762671 
2 -108.58074001786062 -164.2499827 211.99502376169778 0.90630777469781709 -0 -0.42261828820141112 8.668898251236258e-11 1 1.8590510875893271e-10 -0.42261828820141112 2.0512359481956071e-10 -0.90630777469781709 2.0000000135739242
2 -111.53906765358181 -184.4999827 205.65086908509332 0.90630781300004903 -0 -0.42261820606200601 -8.6681418351962645e-11 -1 -1.8588893135092091e-10 0.42261820606200601 -2.0510573635638606e-10 0.90630781300004903 5.0000000550656694
1 -105.9746792 -189.4999827 204.21469980000001 0 1 0 -0.90630778866363204 0 0.42261825825162525 0.42261825825162525 -0 0.90630778866363204 
2 -134.1068831 -184.4999827 157.2540334 0.90630781300004903 -0 -0.42261820606200601 -0.42261820606200601 2.0510810827545432e-10 -0.90630781300004903 -8.6682420768144195e-11 -1 -1.8589108103970427e-10 4.9999999999999822
1 -131.09933520000001 -163.19998340000001 150.33470120000001 -0.42261826576186068 -0 -0.90630778516155175 -0.90630778516155175 0 0.42261826576186068 0 1 -0 
2 -131.44610227955837 -164.2499827 148.28964554383717 -0.90630781300004903 -0 0.42261820606200601 -8.6683526519302966e-11 1 -1.8589345233109695e-10 0.42261820606200601 2.0511072470594148e-10 0.90630781300004903 1.9999999229431182
1 -137.79233439999999 -162.2499827 148.04914600000001 -0 1 0 0.9063077856676236 0 -0.42261826467658598 -0.42261826467658598 0 -0.9063077856676236 
2 -136.39696187679093 -158.7499827 148.55702014254666 0.90630777469781953 -0 -0.42261828820140562 -0.42261828820140562 -1.7958459939716554e-10 -0.90630777469781953 7.5895735984565273e-11 -1 1.6275891864964449e-10 3.5000000343197879
