DBRep_DrawableShape

CASCADE Topology V1, (c) Matra-Datavision
Locations 2
1
              1               0              -0 -1208.00024414085 
             -0               1               0 0.000572718077237236 
              0               0               1 -0.000149142343676168 
2  1 -1 0
Curve2ds 10
1 1.57078909768287 0 0 -1 
1 -141.419944749432 54.8402664226683 -0.707106780858303 -0.707106781514792 
1 -217.59867090958 -21.3384597374923 -1.2715860698355e-05 -0.999999999919153 
1 -217.59870142718 -23.7384231163923 1 5.85339470986338e-14 
1 217.598106434071 -23.7384231163668 2.94637358656899e-08 1 
1 0 0 0 -1 
1 217.598106504781 -21.3385208433781 -0.707100974095258 0.707112588230147 
2 0.00148778179517096 196.261546366019 0.707101287941385 -0.707112274389035 -0.707112274389035 -0.707101287941385 200
1 0 0 1 0 
1 0 -1208.000244141 1 0 
Curves 12
1 603.999983122764 478.578750574294 -441.421249425753 -0.99999999999988 4.74104272755749e-07 -1.23462180077804e-07 
1 603.999956411296 402.400024414149 -517.599975656627 -0.99999999999988 4.74104272755749e-07 -1.23462180077804e-07 
1 603.999983122764 478.578750574294 -441.421249425753 -2.47941401305881e-07 -0.707106780858265 -0.707106781514786 
1 603.999956707586 402.399993896549 -519.999938964813 -0.99999999999988 4.74104272755749e-07 -1.23462180077804e-07 
1 603.999956411296 402.40002441415 -517.599975585913 1.2345615142392e-07 -1.27158607568876e-05 -0.999999999919146 
1 604.000163036253 837.596801757752 -519.999938964787 -0.99999999999988 4.74104272755749e-07 -1.23462180077804e-07 
1 603.999956707586 402.399993896549 -519.999938964813 4.74104272755745e-07 0.999999999999888 5.85339470986333e-14 
1 604.000162739955 837.596801828462 -517.600036691799 -0.99999999999988 4.74104272755749e-07 -1.23462180077804e-07 
1 604.000163036253 837.596801757752 -519.999938964787 -1.23462166108907e-07 2.94637943996336e-08 0.999999999999992 
1 604.000117219363 761.420440693766 -441.422424360209 -0.99999999999988 4.74104272755749e-07 -1.23462180077804e-07 
1 604.000162739955 837.596801828462 -517.600036691799 -4.22541254791659e-07 -0.707100974095138 0.707112588230141 
2 604.00003271109 620.000183105513 -299.999969482403 -0.99999999999988 4.74104272755749e-07 -1.23462180077804e-07 4.22541364839941e-07 0.707101287941264 -0.70711227438903 -2.47944684060823e-07 -0.707112274388997 -0.707101287941379 200
Polygon3D 0
PolygonOnTriangulations 0
Surfaces 7
1 603.999983122764 478.578750574294 -441.421249425753 -4.22543291123286e-07 -0.707106781514671 0.707106780858298 -2.47941401305881e-07 -0.707106780858265 -0.707106781514786 0.99999999999988 -4.74104272755749e-07 1.23462180077805e-07 
2 604.00003271109 620.000183105513 -299.999969482403 0.99999999999988 -4.74104272755749e-07 1.23462180077805e-07 4.22541364839942e-07 0.707101287941264 -0.70711227438903 -2.47944684060823e-07 -0.707112274388997 -0.707101287941379 200
1 604.000056941263 619.998695323707 -496.261515848421 0.99999999999988 -4.74104272755749e-07 1.23462180077804e-07 4.74104272755753e-07 0.999999999999888 8.83524213847533e-29 -1.2346218007779e-07 5.85339470986269e-14 0.999999999999992 
1 603.999956411296 402.400024414149 -517.599975656627 -4.74105842645306e-07 -0.999999999919041 1.27158606983549e-05 1.2345615142392e-07 -1.27158607568875e-05 -0.999999999919146 0.99999999999988 -4.74104272755749e-07 1.23462180077804e-07 
1 603.999956707586 402.399993896549 -519.999938964813 1.23462180077818e-07 0 -0.999999999999992 4.74104272755745e-07 0.999999999999888 5.85339470986332e-14 0.99999999999988 -4.74104272755748e-07 1.23462180077804e-07 
1 604.000163036253 837.596801757752 -519.999938964787 4.74104276393409e-07 0.999999999999887 -2.94637358656896e-08 -1.23462166108907e-07 2.94637943996336e-08 0.999999999999992 0.99999999999988 -4.74104272755749e-07 1.23462180077804e-07 
1 604.000162739955 837.596801828462 -517.600036691799 2.47944871602361e-07 0.707112588230109 0.707100974095253 -4.22541254791659e-07 -0.707100974095137 0.707112588230141 0.99999999999988 -4.74104272755748e-07 1.23462180077805e-07 
Triangulations 0

TShapes 34
Ve
0.0093
603.999983122764 478.578750574294 -441.421249425753
0 0

0101101
*
Ed
 0.0093 1 1 0
1  1 0 0 1208.000244141
2  1 2 0 0 1208.000244141
0

0101000
+34 0 -34 1 *
Ve
0.0093
603.999956411296 402.400024414149 -517.599975656627
0 0

0101101
*
Ed
 0.0093 1 1 0
1  2 0 0 1208.000244141
0

0101000
+32 0 -32 1 *
Ed
 0.0093 1 1 0
2  2 3 0 0 107.732987749999
1  3 0 0 107.732987749999
0

0101000
+34 0 -32 0 *
Wi

0101000
+33 0 -31 0 -30 0 +30 1 *
Fa
0  0.0093 1 0

0111000
+29 0 *
Ve
0.0093
603.999956707586 402.399993896549 -519.999938964813
0 0

0101101
*
Ed
 0.0093 1 1 0
1  4 0 0 1208.000244141
0

0101000
+27 0 -27 1 *
Ed
 0.0093 1 1 0
2  3 3 0 7.07139061762105e-08 2.39996337909401
1  5 0 7.07139061762105e-08 2.39996337909401
0

0101000
+32 0 -27 0 *
Wi

0101000
+31 0 -26 0 -25 0 +25 1 *
Fa
0  0.0093 4 0

0111000
+24 0 *
Ve
0.0093
604.000163036253 837.596801757752 -519.999938964787
0 0

0101101
*
Ed
 0.0093 1 1 0
1  6 0 0 1208.000244141
0

0101000
+22 0 -22 1 *
Ed
 0.0093 1 1 0
2  4 3 0 3.42201310718403e-18 435.196807861251
1  7 0 3.42201310718403e-18 435.196807861251
0

0101000
+27 0 -22 0 *
Wi

0101000
+26 0 -21 0 -20 0 +20 1 *
Fa
0  0.0093 5 0

0111000
+19 0 *
Ve
0.0093
604.000162739955 837.596801828462 -517.600036691799
0 0

0101101
*
Ed
 0.0093 1 1 0
1  8 0 0 1208.000244141
0

0101000
+17 0 -17 1 *
Ed
 0.0093 1 1 0
2  5 3 0 0 2.3999022729887
1  9 0 0 2.3999022729887
0

0101000
+22 0 -17 0 *
Wi

0101000
+21 0 -16 0 -15 0 +15 1 *
Fa
0  0.0093 6 0

0111000
+14 0 *
Ve
0.0093
604.000117219363 761.420440693766 -441.422424360209
0 0

0101101
*
Ed
 0.0093 1 1 0
1  10 0 0 1208.000244141
2  6 2 0 0 1208.000244141
0

0101000
+12 0 -12 1 *
Ed
 0.0093 1 1 0
2  7 3 0 0 107.730527782368
1  11 0 0 107.730527782368
0

0101000
+17 0 -12 0 *
Wi

0101000
+16 0 -11 0 -10 0 +10 1 *
Fa
0  0.0093 7 0

0111000
+9 0 *
Ed
 0.0093 1 1 0
2  8 3 0 0 1.57078909768287
1  12 0 0 1.57078909768287
2  9 2 0 0 1.57078909768287
2  10 2 2 0 1.57078909768287
0

0101000
+12 0 -34 0 *
Wi

0101000
+11 0 -33 0 -7 0 +7 1 *
Fa
0  0.0093 2 0

0111000
+6 0 *
Wi

0101000
+30 0 +25 0 +20 0 +15 0 +10 0 +7 0 *
Fa
0  0.0093 3 0

0111000
+4 0 *
Sh

0101000
+28 0 +23 0 +18 0 +13 0 +8 0 +5 0 +3 0 -3 1 *
So

1100000
+2 0 *

+1 0 