DBRep_DrawableShape

CASCADE Topology V1, (c) Matra-Datavision
Locations 0
Curve2ds 0
Curves 7
4 5.6032351808410059 0 3.1699870452715242 -0 -1 0 -0.92467809847471605 0 0.38074980525429469 -0.38074980525429469 0 -0.92467809847471605 1.0299233954469511
1 0.87804878048780988 0 -0.097560975609752631 -0.11043152607484508 0 -0.99388373467361923 
1 0.87804878048781076 0 -0.097560975609752631 -0.11043152607484498 0 -0.99388373467361923 
2 0 0 0 0 -1 -0 -0.70710678118654757 0 -0.70710678118654757 0.70710678118654757 0 -0.70710678118654757 1.4142135623730951
4 5.6032351808410059 0 3.1699870452715242 -0 -1 0 -0.92467809847471605 0 0.38074980525429469 -0.38074980525429469 0 -0.92467809847471605 1.0299233954469511
5 10.566666666666665 0 1.7666666666666671 -0 -1 0 -0.94270772587002249 0 0.33361975898464186 -0.33361975898464186 0 -0.94270772587002249 2.4336968576901521 1.1316616865957365
3 5 0 5 0 -1 0 0.99862953475457383 0 0.052335956242943835 -0.052335956242943835 0 0.99862953475457383 3 1.0000000000000002
Polygon3D 0
PolygonOnTriangulations 0
Surfaces 0
Triangulations 0

TShapes 20
Ve
1e-07
1.99999999999999 0 10
0 0

0101100
*
Ve
1e-07
1 0 1
0 0

0101100
*
Ed
 1e-07 1 1 0
1  1 0 -4.94363229814537 3.75922039338137
0

0101000
+20 0 -19 0 *
Ve
1e-07
1.99999999999999 0 10
0 0

0101100
*
Ve
1e-07
1 0 0.999999999999998
0 0

0101100
*
Ed
 1e-07 1 1 0
1  2 0 -10.1597003988859 -1.10431526074846
0

0101000
+17 0 -16 0 *
Ve
1e-07
1.99999999999999 0 10
0 0

0101100
*
Ve
1e-07
1 0 0.999999999999998
0 0

0101100
*
Ed
 1e-07 1 1 0
1  3 0 -10.1597003988859 -1.10431526074846
0

0101000
+14 0 -13 0 *
Ve
1e-07
-1 0 -1
0 0

0101100
*
Ed
 1e-07 1 1 0
1  4 0 0 6.28318530717959
0

0101100
+11 0 -11 0 *
Ve
1e-07
1.99999999999999 0 10
0 0

0101100
*
Ve
1e-07
1 0 1
0 0

0101100
*
Ed
 1e-07 1 1 0
1  5 0 -4.94363229814537 3.75922039338137
0

0101000
+9 0 -8 0 *
Ve
1e-07
2.00000000000003 0 9.99999999999998
0 0

0101100
*
Ve
1e-07
0.999999999999991 0 1
0 0

0101100
*
Ed
 1e-07 1 1 0
1  6 0 -2.17248997881631 1.95438415897481
0

0101000
+6 0 -5 0 *
Ve
1e-07
7.99588860426372 0 5.15700786872883
0 0

0101100
*
Ed
 1e-07 1 1 0
1  7 0 0 6.28318530717959
0

0101100
+3 0 -3 0 *
Co

1100000
+18 0 +15 0 +12 0 +10 0 +7 0 +4 0 +2 0 *

+1 0 