DBRep_DrawableShape

CASCADE Topology V1, (c) Matra-Datavision
Locations 3
1
              1               0               0               0 
             -0               1              -0               0 
              0               0              -1          -203.2 
1
              1               0               0 1.2781399328246e-14 
              0               1               0 1.11452697947227e-14 
              0               0               1             127 
2  2 -1 0
Curve2ds 32
1 0 0 0 -1 
1 1.82629469735791 0 0 -1 
1 0 0 0 -1 
2 -225.189833839667 -36.2475493907028 -0.133331071768202 -0.991071554077274 -0.991071554077274 0.133331071768202 12.70000076294
1 0 0 1 0 
1 0 -127 1 0 
1 0.61586042415715 0 0 -1 
1 0 0 0 -1 
2 -336.860981626909 9.55457915063146 0.925202603211102 -0.379473507654225 0.379473507654225 0.925202603211102 107.999130249
1 0 0 1 0 
1 0 -127 1 0 
1 1.66369524981614 0 0 -1 
2 -219.24831069115 36.6754173084877 -0.97442901576892 -0.224695556759839 -0.224695556759839 0.97442901576892 12.70000076294
1 0 0 1 0 
1 0 -127 1 0 
1 0 0 0 -1 
1 -220.941645133662 49.262022801808 0.991071207495033 0.133333647945059 
1 2.10296907874412 0 0 -1 
1 0 0 0 -1 
2 220.251369689454 95.8034549435933 -0.133333020269151 0.991071291939135 0.991071291939135 0.133333020269151 12.70000076294
1 0 0 1 0 
1 0 -127 1 0 
1 0.901052518596206 0 0 -1 
1 0 0 0 -1 
2 425.138405973025 9.55498285446907 -0.921667174573184 0.387981467745927 -0.387981467745927 -0.921667174573184 209.6004638672
1 0 0 1 0 
1 0 -127 1 0 
1 2.2071384371195 0 0 -1 
2 230.33043991925 -97.5307441905823 0.876327348335959 0.481716076707501 0.481716076707501 -0.876327348335959 12.70000076294
1 0 0 1 0 
1 0 -127 1 0 
1 228.637124102751 -110.117352189733 -0.991071256794412 0.133333281501446 
Curves 16
1 -321.821076640996 -58.38899361153 -62.57757949829 1.00640939592488e-16 8.77580298797062e-17 1 
1 -331.877843264149 -40.9830643564798 -62.57757949829 1.00640939592488e-16 8.77580298797062e-17 1 
2 -320.127771927816 -45.8023841186205 -62.57757949829 -1.00640939592488e-16 -8.77580298797062e-17 -1 -0.133331071768202 -0.991071554077274 1.00393051395266e-16 -0.991071554077274 0.133331071768202 8.8041500225597e-17 12.70000076294
1 -326.561498022996 24.2669488382908 -62.57757949829 1.00640939592488e-16 8.77580298797062e-17 1 
2 -431.798919715059 -0.000255577286237596 -62.57757949829 1.00640939592488e-16 8.77580298797063e-17 1 0.925202603211102 -0.379473507654225 -5.98114118773048e-17 0.379473507654225 0.925202603211102 -1.1938452805816e-16 107.999130249
1 -315.879583221811 39.7071880738903 -62.57757949829 1.00640939592488e-16 8.77580298797062e-17 1 
2 -314.1862487793 27.12058258057 -62.57757949829 -1.00640939592488e-16 -8.77580298797062e-17 -1 -0.97442901576892 -0.224695556759839 1.17786291097135e-16 -0.224695556759839 0.97442901576892 -6.29003987269342e-17 12.70000076294
1 123.620102142162 98.8352263794305 -62.5775794982901 1.00640939592488e-16 8.77580298797062e-17 1 
1 -315.879583221811 39.7071880738903 -62.57757949829 0.991071207495033 0.133333647945059 -1.11443435785695e-16 
1 137.018600563164 81.3212437379748 -62.5775794982901 1.00640939592488e-16 8.77580298797062e-17 1 
2 125.313431601305 86.2486202156756 -62.5775794982901 -1.00640939592488e-16 -8.77580298797063e-17 -1 -0.133333020269151 0.991071291939135 -7.35557036123221e-17 0.991071291939135 0.133333020269151 -1.11443389200627e-16 12.70000076294
1 146.521859823552 -100.967784376794 -62.57757949829 1.00640939592488e-16 8.77580298797062e-17 1 
2 330.200467884875 0.000148126551374972 -62.5775794982901 1.00640939592488e-16 8.77580298797062e-17 1 -0.921667174573184 0.387981467745927 5.87089612013796e-17 -0.387981467745927 -0.921667174573184 1.19930514903761e-16 209.6004638672
1 133.699186014602 -119.67218691765 -62.57757949829 1.00640939592488e-16 8.77580298797062e-17 1 
2 135.3925018311 -107.0855789185 -62.57757949829 -1.00640939592488e-16 -8.77580298797062e-17 -1 0.876327348335959 0.481716076707501 -1.30468861580356e-16 0.481716076707501 -0.876327348335959 2.84244030430209e-17 12.70000076294
1 133.699186014602 -119.67218691765 -62.57757949829 -0.991071256794412 0.133333281501446 8.80412763849345e-17 
Polygon3D 0
PolygonOnTriangulations 0
Surfaces 9
2 -320.127771927816 -45.8023841186205 -62.57757949829 -1.00640939592488e-16 -8.77580298797062e-17 -1 -0.133331071768202 -0.991071554077274 1.00393051395266e-16 -0.991071554077274 0.133331071768202 8.8041500225597e-17 12.70000076294
2 -431.798919715059 -0.000255577286237596 -62.57757949829 -1.00640939592488e-16 -8.77580298797063e-17 -1 0.925202603211102 -0.379473507654225 -5.98114118773048e-17 0.379473507654225 0.925202603211102 -1.1938452805816e-16 107.999130249
1 -94.9379380881497 -9.5548347279177 -62.57757949829 1.00640939592488e-16 8.77580298797062e-17 1 1 0 -1.00640939592488e-16 -8.83205058387928e-33 1 -8.77580298797062e-17 
2 -314.1862487793 27.12058258057 -62.57757949829 -1.00640939592488e-16 -8.77580298797062e-17 -1 -0.97442901576892 -0.224695556759839 1.17786291097135e-16 -0.224695556759839 0.97442901576892 -6.29003987269342e-17 12.70000076294
1 -315.879583221811 39.7071880738903 -62.57757949829 -0.133333647945059 0.991071207495033 -7.35556330317809e-17 0.991071207495033 0.133333647945059 -1.11443435785695e-16 -1.00640939592488e-16 -8.77580298797062e-17 -1 
2 125.313431601305 86.2486202156756 -62.5775794982901 -1.00640939592488e-16 -8.77580298797063e-17 -1 -0.133333020269151 0.991071291939135 -7.35557036123221e-17 0.991071291939135 0.133333020269151 -1.11443389200627e-16 12.70000076294
2 330.200467884875 0.000148126551374972 -62.5775794982901 -1.00640939592488e-16 -8.77580298797062e-17 -1 -0.921667174573184 0.387981467745927 5.87089612013796e-17 -0.387981467745927 -0.921667174573184 1.19930514903761e-16 209.6004638672
2 135.3925018311 -107.0855789185 -62.57757949829 -1.00640939592488e-16 -8.77580298797062e-17 -1 0.876327348335959 0.481716076707501 -1.30468861580356e-16 0.481716076707501 -0.876327348335959 2.84244030430209e-17 12.70000076294
1 133.699186014602 -119.67218691765 -62.57757949829 -0.133333281501446 -0.991071256794412 1.00393247695937e-16 -0.991071256794412 0.133333281501446 8.80412763849345e-17 -1.00640939592488e-16 -8.77580298797062e-17 -1 
Triangulations 0

TShapes 45
Ve
0.003
-321.821076640996 -58.38899361153 -62.57757949829
0 0

0101101
*
Ed
 0.003 1 1 0
1  1 0 0 127
2  1 1 0 0 127
0

0101000
+45 0 -45 2 *
Ve
0.003
-331.877843264149 -40.9830643564798 -62.57757949829
0 0

0101101
*
Ed
 0.003 1 1 0
1  2 0 0 127
2  2 1 0 0 127
2  3 2 0 0 127
0

0101000
+43 0 -43 2 *
Ed
 0.003 1 1 0
2  4 3 0 0 1.82629469735791
1  3 0 0 1.82629469735791
2  5 1 0 0 1.82629469735791
2  6 1 3 0 1.82629469735791
0

0101000
+45 0 -43 0 *
Wi

0101000
+44 0 -42 0 -41 0 +41 2 *
Fa
0  0.003 1 0

0111000
+40 0 *
Ve
0.003
-326.561498022996 24.2669488382908 -62.57757949829
0 0

0101101
*
Ed
 0.003 1 1 0
1  4 0 0 127
2  7 2 0 0 127
2  8 4 0 0 127
0

0101000
+38 0 -38 2 *
Ed
 0.003 1 1 0
2  9 3 0 0 0.61586042415715
1  5 0 0 0.61586042415715
2  10 2 0 0 0.61586042415715
2  11 2 3 0 0.61586042415715
0

0101000
+43 0 -38 0 *
Wi

0101000
+42 0 -37 0 -36 0 +36 2 *
Fa
0  0.003 2 0

0111000
+35 0 *
Ve
0.003
-315.879583221811 39.7071880738903 -62.57757949829
0 0

0101101
*
Ed
 0.003 1 1 0
1  6 0 0 127
2  12 4 0 0 127
0

0101000
+33 0 -33 2 *
Ed
 0.003 1 1 0
2  13 3 0 0 1.66369524981614
1  7 0 0 1.66369524981614
2  14 4 0 0 1.66369524981614
2  15 4 3 0 1.66369524981614
0

0101000
+38 0 -33 0 *
Wi

0101000
+37 0 -32 0 -31 0 +31 2 *
Fa
0  0.003 4 0

0111000
+30 0 *
Ve
0.003
123.620102142162 98.8352263794305 -62.5775794982901
0 0

0101101
*
Ed
 0.003 1 1 0
1  8 0 0 127
2  16 6 0 0 127
0

0101000
+28 0 -28 2 *
Ed
 0.003 1 1 0
2  17 3 0 0 443.459240910472
1  9 0 0 443.459240910472
0

0101000
+33 0 -28 0 *
Wi

0101000
+32 0 -27 0 -26 0 +26 2 *
Fa
0  0.003 5 0

0111000
+25 0 *
Ve
0.003
137.018600563164 81.3212437379748 -62.5775794982901
0 0

0101101
*
Ed
 0.003 1 1 0
1  10 0 0 127
2  18 6 0 0 127
2  19 7 0 0 127
0

0101000
+23 0 -23 2 *
Ed
 0.003 1 1 0
2  20 3 0 0 2.10296907874412
1  11 0 0 2.10296907874412
2  21 6 0 0 2.10296907874412
2  22 6 3 0 2.10296907874412
0

0101000
+28 0 -23 0 *
Wi

0101000
+27 0 -22 0 -21 0 +21 2 *
Fa
0  0.003 6 0

0111000
+20 0 *
Ve
0.003
146.521859823552 -100.967784376794 -62.57757949829
0 0

0101101
*
Ed
 0.003 1 1 0
1  12 0 0 127
2  23 7 0 0 127
2  24 8 0 0 127
0

0101000
+18 0 -18 2 *
Ed
 0.003 1 1 0
2  25 3 0 0 0.901052518596206
1  13 0 0 0.901052518596206
2  26 7 0 0 0.901052518596206
2  27 7 3 0 0.901052518596206
0

0101000
+23 0 -18 0 *
Wi

0101000
+22 0 -17 0 -16 0 +16 2 *
Fa
0  0.003 7 0

0111000
+15 0 *
Ve
0.003
133.699186014602 -119.67218691765 -62.57757949829
0 0

0101101
*
Ed
 0.003 1 1 0
1  14 0 0 127
2  28 8 0 0 127
0

0101000
+13 0 -13 2 *
Ed
 0.003 1 1 0
2  29 3 0 0 2.2071384371195
1  15 0 0 2.2071384371195
2  30 8 0 0 2.2071384371195
2  31 8 3 0 2.2071384371195
0

0101000
+18 0 -13 0 *
Wi

0101000
+17 0 -12 0 -11 0 +11 2 *
Fa
0  0.003 8 0

0111000
+10 0 *
Ed
 0.003 1 1 0
2  32 3 0 0 459.624128469796
1  16 0 0 459.624128469796
0

0101000
+13 0 -45 0 *
Wi

0101000
+12 0 -44 0 -8 0 +8 2 *
Fa
0  0.003 9 0

0111000
+7 0 *
Wi

0101000
+41 0 +36 0 +31 0 +26 0 +21 0 +16 0 +11 0 +8 0 *
Fa
0  0.003 3 0

0111000
-5 0 *
Sh

0101000
-39 0 -34 0 -29 0 -24 0 -19 0 -14 0 -9 0 -6 0 +4 0 -4 2 
*
So

0100000
-3 0 *
Co

1100000
+2 1 +2 0 *

+1 0 
0

