DBRep_DrawableShape

CASCADE Topology V1, (c) Matra-Datavision
Locations 6
1
0.342020143325669               0 0.939692620785908 -56.3425528223154 
              0               1               0               0 
-0.939692620785908               0 0.342020143325669 319.534495492048 
2  1 -1 0
1
-2.22044604925031e-16               0              -1             400 
              0               1               0               0 
              1               0 -2.22044604925031e-16 5.6843418860808e-14 
2  3 -1 0
1
0.998629534754574               0 -0.0523359562429444 10.7412842976741 
              0               1               0               0 
0.0523359562429444               0 0.998629534754574 -10.1930981995037 
2  5 -1 0
Curve2ds 18
1 0 0 -1 0 
1 0 0 -1 0 
1 0 0 -1 0 
1 0 0 0 1 
1 1.2217304763960306 0 0 1 
1 53.071380615234375 29.535079956054688 0 -1 
1 0 0 0 1 
1 4.7123889803846897 0 0 1 
1 53.071380615234375 29.535079956054688 0 -1 
1 53.071380615234375 29.535079956054688 0 -1 
1 0 0 0 1 
1 6.2308254296197561 0 0 1 
1 46.928619384765625 0 -1 0 
1 46.928619384765625 0 -1 0 
1 46.928619384765625 0 -1 0 
1 100 -15.888893127441406 0 1 
1 100 -15.888893127441406 0 1 
1 100 -15.888893127441406 0 1 
Curves 4
1 200 79.535079956054688 200 -1 0 0 
1 153.07138061523438 79.535079956054688 200 0 -1 0 
1 153.07138061523438 34.111106872558594 200 1 0 -0 
1 200 34.111106872558594 200 0 1 0 
Polygon3D 0
PolygonOnTriangulations 4
2 1 2 
p 4.69286195847656 1 0 46.9286193847656 
2 2 3 
p 4.69286195847656 1 0 45.4239730834961 
2 3 4 
p 4.69286195847656 1 0 46.9286193847656 
2 4 1 
p 4.69286195847656 1 0 45.4239730834961 
Surfaces 13
1 100 50 200 0 0 1 1 0 -0 -0 1 0 
1 200 79.535079956054688 200 0 1 0 1 -0 -0 0 -0 1 
1 200 79.535079956054688 200 0 1 0 1 -0 -0 0 -0 1 
1 200 79.535079956054688 200 0 1 0 1 -0 -0 0 -0 1 
2 200 79.535079956054688 200 -0 -1 -0 -1 0 0 -0 -0 1 46.928619384765625
1 165.79798566743312 50 293.96926207859082 0.93969262078590843 0 0.34202014332566893 0.34202014332566893 0 -0.93969262078590843 0 1 0 
2 200 79.535079956054688 200 -0 -1 -0 -1 0 0 -0 -0 1 46.928619384765625
1 200.00000000000003 50 100.00000000000001 -1 0 -2.2204460492503131e-16 -2.2204460492503131e-16 0 1 0 1 0 
1 100.13704652454261 50 194.76640437570555 -0.052335956242944376 0 0.99862953475457394 0.99862953475457394 0 0.052335956242944376 0 1 0 
2 200 79.535079956054688 200 -0 -1 -0 -1 0 0 -0 -0 1 46.928619384765625
1 200 34.111106872558594 200 0 1 0 -1 0 0 0 -0 1 
1 200 34.111106872558594 200 0 1 0 -1 0 0 0 -0 1 
1 200 34.111106872558594 200 0 1 0 -1 0 0 0 -0 1 
Triangulations 1
4 2 1 4.69286195847656
200 79.5350799560547 200 153.071380615234 79.5350799560547 200 153.071380615234 34.1111068725586 200 200 34.1111068725586 200 100 29.5350799560547 53.0713806152344 29.5350799560547 53.0713806152344 -15.8888931274414 100 -15.8888931274414 2 3 4 4 1 2 

TShapes 10
Ve
1e-07
200 79.5350799560547 200
0 0

0101100
*
Ve
1e-07
153.071380615234 79.5350799560547 200
0 0

0101100
*
Ed
 1e-07 1 1 0
1  1 0 0 46.9286193847656
6  1 1 0
2  1 2 0 0 46.9286193847656
2  2 3 0 0 46.9286193847656
2  3 4 0 0 46.9286193847656
0

0101000
+10 0 -9 0 *
Ve
1e-07
153.071380615234 34.1111068725586 200
0 0

0101100
*
Ed
 1e-07 1 1 0
1  2 0 0 45.4239730834961
6  2 1 0
2  4 5 0 0 45.4239730834961
2  5 5 2 0 45.4239730834961
2  6 6 2 0 45.4239730834961
2  7 7 0 0 45.4239730834961
2  8 7 4 0 45.4239730834961
2  9 8 4 0 45.4239730834961
2  10 9 6 0 45.4239730834961
2  11 10 0 0 45.4239730834961
2  12 10 6 0 45.4239730834961
0

0101000
+9 0 -7 0 *
Ve
1e-07
200 34.1111068725586 200
0 0

0101100
*
Ed
 1e-07 1 1 0
1  3 0 0 46.9286193847656
6  3 1 0
2  13 11 0 0 46.9286193847656
2  14 12 0 0 46.9286193847656
2  15 13 0 0 46.9286193847656
0

0101000
+7 0 -5 0 *
Ed
 1e-07 1 1 0
1  4 0 0 45.4239730834961
6  4 1 0
2  16 6 0 0 45.4239730834961
2  17 8 0 0 45.4239730834961
2  18 9 0 0 45.4239730834961
0

0101000
+5 0 -10 0 *
Wi

0101100
+8 0 +6 0 +4 0 +3 0 *
Fa
0  1e-07 1 0
2  1
0101000
+2 0 *

+1 0 