DBRep_DrawableShape

CASCADE Topology V1, (c) Matra-Datavision
Locations 6
1
              1 1.20776051647794e-15 -2.09190271869647e-15 20.0000000000001 
-1.20776051647794e-15               1 -5.55111512312578e-17 8.5265128291212e-14 
2.09190271869647e-15 5.55111512312578e-17               1 -1.59872115546023e-13 
1
              1               0               0               0 
              0               1               0 -10.8253177294363 
              0               0               1 -6.24999968454021 
2  2 -1 0
1
              1               0               0               0 
              0               1               0 21.6506354588725 
              0               0               1 12.4999993690804 
2  2 1 4 1 0
2  4 -1 2 -1 0
Curve2ds 70
1 -5.7595865607222141 44.999999999999972 1 0 
2 12.500000000000011 -12.5 -0.86602541835490165 0.49999997476321689 0.49999997476321689 0.86602541835490165 12.5
1 -0.52359874645737203 44.999999999999972 1 0 
2 12.489999771118171 -12.510000228881832 -0.86602541835490165 0.49999997476321689 -0.49999997476321689 -0.86602541835490165 12.489999771118164
1 -0.52359874645737203 -1.9895196601282805e-13 1 0 
2 82.500000000000114 -12.500000000000004 0.86602541835490165 -0.49999997476321689 0.49999997476321689 0.86602541835490165 12.5
1 -5.7595865607222141 -1.9895196601282805e-13 1 0 
2 82.510000228881935 -12.510000228881843 0.86602541835490165 -0.49999997476321689 -0.49999997476321689 -0.86602541835490165 12.489999771118164
1 3.1415926535897913 0 0 -1 
1 0 0 0 1 
1 0 -12.5 1 0 
1 0 0 0 1 
1 0 -12.510000228881832 1 0 
8 0 1.5707963267948966
1 0.6223684885550167 0 0 1 
8 0 1.5707963267948966
1 0 0 1 0 
1 1.5707963267948966 0 0 1 
1 -34.999999999999943 24.999999999999972 -1.9782640867157862e-15 -1 
8 0 1.5707963267948966
1 0.6223684885550167 0 0 1 
8 0 1.5707963267948966
1 0 0 1 0 
1 1.5707963267948966 0 0 1 
1 -35.010000228881786 24.999999999999972 -1.9782640867157862e-15 -1 
1 1.5707963267948966 0 0 1 
1 35.000000000000057 -19.999999999999801 -2.4155211548758467e-15 1 
1 0 1.5707963267948966 1 0 
2 32.500000000000057 24.999999999999844 -0.81250000000000111 0.5829611908180492 -0.58296119081804931 -0.81250000000000122 67.5
1 0 1.5707963267948966 1 0 
2 -32.500000000000043 24.999999999999844 1 0 0 1 67.5
1 0 1.5707963267948966 1 0 
2 1.7763568394002505e-15 48.318447632721814 0.81250000000000133 0.58296119081804909 -0.58296119081804909 0.81250000000000133 27.5
1 1.5707963267948966 0 0 1 
1 35.010000228881886 -19.999999999999801 -2.4155211548758467e-15 1 
1 0 1.5707963267948966 1 0 
2 32.50000000000005 24.999999999999844 -0.81250000000000111 0.58296119081804942 -0.58296119081804942 -0.81250000000000111 67.510000228881836
1 0 1.5707963267948966 1 0 
2 -32.500000000000043 24.999999999999844 1 0 0 1 67.510000228881836
1 0 1.5707963267948966 1 0 
2 0 48.318447632721814 0.81250000000000155 0.58296119081804865 -0.58296119081804876 0.81250000000000167 27.510000228881836
1 0 0 0 1 
1 0 -12.499999999999993 1 -1.9721522630525295e-31 
8 0 1.5707963267948966
1 0 44.999999999999588 1 0 
8 0 1.5707963267948966
1 0 0 0 1 
1 0 0 0 1 
1 0 -12.510000228881836 1 -1.9721522630525295e-31 
8 0 1.5707963267948966
1 0 44.999999999999588 1 0 
8 0 1.5707963267948966
1 0 0 0 1 
1 0 0 0 -1 
1 2.5192241650347746 0 0 -1 
1 2.5192241650347746 0 0 -1 
1 0 0 1 0 
1 2.5192241650347746 -12.5 1 0 
1 0 0 1 0 
1 2.5192241650347746 -12.510000228881836 1 0 
8 0 1.5707963267948966
1 1.8968556764797562 0 0 1 
8 0 1.5707963267948966
1 0 0 0 1 
8 0 1.5707963267948966
1 1.8968556764797562 0 0 1 
8 0 1.5707963267948966
1 0 0 0 1 
1 0 0 1 0 
1 0 -12.499999999999996 1 0 
8 0 1.5707963267948966
1 0.62236848855501836 0 0 1 
8 0 1.5707963267948966
1 0 0 0 1 
1 0 0 1 0 
1 0.62236848855501836 -12.5 1 0 
1 0 0 1 0 
1 0 -12.510000228881847 1 0 
8 0 1.5707963267948966
1 0.62236848855501836 0 0 1 
8 0 1.5707963267948966
1 0 0 0 1 
1 0 0 1 0 
1 0.62236848855501836 -12.510000228881843 1 0 
1 0.62236848855501836 0 0 -1 
1 0.62236848855501836 0 0 -1 
Curves 39
1 50 -9.5248654659114251 -45.825317729436307 0 0.86602541835490177 0.49999997476321689 
8 5.7595865607222141 7.3303828875171106
2 50 -4.9495474210153665 -28.750000315459815 -1 9.8913199343287141e-16 -1.7132269833145162e-15 1.7132269833145162e-15 0 -1 -9.8913199343287141e-16 -1 -1.6946076212088721e-30 12.5
8 0.52359874645737214 2.0943950732522687
2 50 -4.935886854425787 -28.753660653672313 1 -9.8913199343287141e-16 1.7132269833145162e-15 1.7132269833145162e-15 0 -1 9.8913199343287141e-16 1 1.6946076212088721e-30 12.489999771118164
1 50 1.300452263524793 -39.575318044895994 0 -0.49999997476321689 0.86602541835490165 
8 0.52359874645737203 2.0943950732522687
2 50 -39.949545654440598 31.871778969383389 1 1.20776051647794e-15 -2.0919027186964707e-15 2.0919027186964707e-15 0 1 1.20776051647794e-15 -1 -2.5265175079544564e-30 12.5
8 5.7595865607222141 7.3303828875171106
2 50 -39.9458853162281 31.885439535972964 -1 -1.20776051647794e-15 2.0919027186964707e-15 2.0919027186964707e-15 0 1 -1.20776051647794e-15 1 2.5265175079544564e-30 12.489999771118164
1 50.000000000000227 -57.024863068417076 36.447097014279436 0 0.86602541835490177 0.49999997476321689 
1 95 -9.5248654659114713 -45.825317729436222 0 0.86602541835490177 0.49999997476321689 
1 95 1.3004522635248001 -39.575318044896008 -1 9.8913199343287141e-16 -1.7132269833145162e-15 
1 95 1.3091127159258358 -39.570317930707468 -1 9.8913199343287141e-16 -1.7132269833145162e-15 
2 94.999999999999972 -4.94954742101541 -28.750000315459737 -1 9.4368952330000499e-16 -1.6345183109260173e-15 1.8873791418627661e-15 0.49999997476321689 -0.86602541835490165 0 -0.86602541835490165 -0.49999997476321689 12.5
1 94.999999999999972 -15.774865150451681 -34.99999999999995 -1 9.8913199343287141e-16 -1.7132269833145162e-15 
2 94.999999999999972 -4.9358868544258314 -28.753660653672227 1 -9.4368952330000499e-16 1.6345183109260173e-15 1.8873791418627661e-15 0.49999997476321689 -0.86602541835490165 0 0.86602541835490165 0.49999997476321689 12.489999771118164
1 94.999999999999972 5.8807704226094035 -22.508661083320568 -1 9.8913199343287141e-16 -1.7132269833145162e-15 
1 50.000000000000199 -50.77486338387687 25.621779284843178 1 1.20776051647794e-15 -2.0919027186964707e-15 
2 94.999999999999844 -49.524863446968823 23.456715738955918 0 0.86602541835490165 0.49999997476321689 0.58296119081804931 0.40624997949511432 -0.70364565241335864 -0.81250000000000122 0.29148058069695953 -0.50485920916287286 67.5
2 94.999999999999844 -17.024865087359675 -32.834936454112778 0 0.86602541835490165 0.49999997476321689 0 -0.49999997476321689 0.86602541835490165 1 0 0 67.5
2 118.31844763272181 -33.274864267164247 -4.6891103575784348 0 0.86602541835490165 0.49999997476321689 0.58296119081804898 -0.40624997949511449 0.70364565241335897 0.81250000000000155 0.29148058069695937 -0.50485920916287252 27.5
1 50.000000000000199 -29.129228039192867 38.13043910632463 1 1.20776051647794e-15 -2.0919027186964707e-15 
2 94.999999999999844 -27.87422798809628 35.956715108036335 0 0.86602541835490165 0.49999997476321689 0.58296119081804931 0.40624997949511432 -0.70364565241335864 -0.81250000000000122 0.29148058069695953 -0.50485920916287286 67.510000228881836
2 94.999999999999844 4.6257703715128677 -20.334937085032355 0 0.86602541835490165 0.49999997476321689 0 -0.49999997476321689 0.86602541835490165 1 0 0 67.510000228881836
2 118.31844763272181 -11.624228808291704 7.8108890115019856 0 0.86602541835490165 0.49999997476321689 0.58296119081804876 -0.40624997949511449 0.70364565241335897 0.81250000000000155 0.29148058069695926 -0.5048592091628723 27.510000228881836
1 50.000000000000227 -46.199545338980812 42.697096698819664 1 1.20776051647794e-15 -2.0919027186964707e-15 
2 94.999999999999787 -39.949545654440541 31.871778969383296 1 1.20776051647794e-15 -2.0919027186964707e-15 2.4155211548758471e-15 -0.49999997476321689 0.86602541835490177 0 -0.86602541835490177 -0.49999997476321689 12.5
1 50.000000000000227 -46.190884886579767 42.702096813008197 1 1.20776051647794e-15 -2.0919027186964707e-15 
2 94.999999999999787 -39.945885316228043 31.885439535972871 -1 -1.20776051647794e-15 2.0919027186964707e-15 2.4155211548758471e-15 -0.49999997476321689 0.86602541835490177 0 0.86602541835490177 0.49999997476321689 12.489999771118164
1 94.999999999999815 -57.024863068417076 36.447097014279436 0 0.86602541835490177 0.49999997476321689 
1 141.6368952654438 -17.024865087359672 -32.834936454112778 0 0.86602541835490177 0.49999997476321689 
2 94.999999999999844 -38.699545717532551 29.706715423496128 0 0.86602541835490165 0.49999997476321689 0.58296119081804931 0.40624997949511432 -0.70364565241335864 -0.81250000000000122 0.29148058069695953 -0.50485920916287286 80
2 94.999999999999844 -38.690885265131513 29.711715537684668 0 0.86602541835490165 0.49999997476321689 0.58296119081804931 0.40624997949511432 -0.70364565241335864 -0.81250000000000122 0.29148058069695953 -0.50485920916287286 80
2 134.34988038021817 -11.277672101612332 -17.789366114405581 -0.81250000000000111 0.2914805806969597 -0.50485920916287308 0.58296119081804965 0.40624997949511427 -0.70364565241335841 2.7755575615628907e-17 -0.86602541835490165 -0.49999997476321689 12.5
2 134.35571012555559 -11.264949056433105 -17.79140261779288 0.81250000000000089 -0.2914805806969597 0.50485920916287308 0.58296119081804965 0.40624997949511416 -0.70364565241335841 2.7755575615628914e-17 0.86602541835490165 0.49999997476321689 12.489999771118164
2 94.999999999999844 -6.1995473579234037 -26.584936769572568 0 0.86602541835490165 0.49999997476321689 0 -0.49999997476321689 0.86602541835490165 1 0 0 80
2 134.34988038021817 -33.621420973843627 20.911144768329148 0.81250000000000133 0.29148058069695948 -0.50485920916287275 0.5829611908180492 -0.40624997949511438 0.70364565241335875 0 -0.86602541835490177 -0.49999997476321695 12.5
2 118.31844763272181 -22.449546537727976 1.5608893269617763 0 0.86602541835490165 0.49999997476321689 0.58296119081804898 -0.40624997949511449 0.70364565241335897 0.81250000000000155 0.29148058069695937 -0.50485920916287252 40
2 94.999999999999844 -6.1908869055223654 -26.579936655384021 0 0.86602541835490165 0.49999997476321689 0 -0.49999997476321689 0.86602541835490165 1 0 0 80
2 134.35571012555556 -33.616823114220779 20.923181500093538 -0.81250000000000133 -0.29148058069695948 0.50485920916287275 0.5829611908180492 -0.40624997949511438 0.70364565241335875 0 0.86602541835490177 0.49999997476321695 12.489999771118164
2 118.31844763272181 -22.440886085326937 1.5658894411503184 0 0.86602541835490165 0.49999997476321689 0.58296119081804876 -0.40624997949511449 0.70364565241335897 0.81250000000000155 0.29148058069695926 -0.5048592091628723 40
1 141.6368952654438 -49.524863446968823 23.456715738955911 0 0.86602541835490177 0.49999997476321689 
Polygon3D 0
PolygonOnTriangulations 68
2 1 2 
p 0.00346426096041395 1 12.5 12.5100002288818 
2 3 4 
p 4.50000002 1 12.5 12.5100002288818 
5 6 11 12 13 7 
p 4.50000002 1 5.75958656072221 6.15228564242094 6.54498472411966 6.93768380581839 7.33038288751711 
5 6 11 12 13 7 
p 4.50000002 1 0.523598746457372 0.916297828156096 1.30899690985482 1.70169599155354 2.09439507325227 
2 3 9 
p 8.76844208889998 1 12.4999999999999 82.5 
2 1 2 
p 9.76895411356209 1 12.4999999999999 82.5 
2 6 10 
p 8.76844208889998 1 12.489999771118 82.5100002288818 
2 1 2 
p 9.77002217776405 1 12.489999771118 82.5100002288818 
5 1 3 4 5 2 
p 4.50000001999998 1 0.523598746457372 0.916297828156096 1.30899690985482 1.70169599155354 2.09439507325227 
5 1 3 4 5 2 
p 4.50000001999998 1 5.75958656072221 6.15228564242094 6.54498472411966 6.93768380581839 7.33038288751711 
2 11 14 
p 0.00346426096041625 1 12.5 12.5100002288818 
2 1 2 
p 4.50000001999996 1 12.5 12.5100002288818 
2 1 2 
p 0.00346426096041466 1 12.5 12.5100002288818 
2 6 10 
p 2.7041570451525 1 12.5 12.5100002288818 
2 1 3 
p 4.50000002 1 0 45 
2 1 6 
p 5.17517321604802 1 0 45 
2 2 4 
p 4.50000002 1 0 45 
2 1 6 
p 5.17517321604802 1 0 45 
5 1 3 4 5 2 
p 4.50000002 1 0 0.392699081698724 0.785398163397448 1.17809724509617 1.5707963267949 
5 9 14 15 16 10 
p 5.04794118811697 1 0 0.392699081698724 0.785398163397448 1.17809724509617 1.5707963267949 
5 2 8 9 10 7 
p 4.50000002000001 1 0 11.25 22.5 33.75 45 
5 3 4 5 6 1 
p 9.76895411356209 1 0 11.25 22.5 33.75 45 
5 1 3 4 5 2 
p 4.50000002 1 0 0.392699081698724 0.785398163397448 1.17809724509617 1.5707963267949 
5 8 13 14 15 9 
p 5.04794118811697 1 0 0.392699081698724 0.785398163397448 1.17809724509617 1.5707963267949 
5 2 8 9 10 7 
p 4.50000002000001 1 0 11.25 22.5 33.75 45 
5 3 4 5 6 1 
p 9.77002217776405 1 0 11.25 22.5 33.75 45 
5 2 11 12 13 10 
p 4.50000001999998 1 -1.98951966012828e-13 11.2499999999997 22.4999999999997 33.7499999999996 44.9999999999996 
5 2 11 12 13 10 
p 5.04794118811697 1 0 0.155592122138754 0.311184244277508 0.466776366416263 0.622368488555017 
5 5 11 12 13 10 
p 5.04794118811698 1 0 0.155592122138755 0.311184244277509 0.466776366416264 0.622368488555018 
10 4 20 21 22 23 24 25 26 27 19 
p 6.26062706998341 1 0 0.210761741831084 0.421523483662168 0.632285225493252 0.843046967324336 1.05380870915542 1.2645704509865 1.47533219281759 1.68609393464867 1.89685567647976 
5 2 11 12 13 10 
p 4.50000001999998 1 -1.98951966012828e-13 11.2499999999997 22.4999999999997 33.7499999999996 44.9999999999996 
5 2 10 11 12 9 
p 5.04794118811697 1 0 0.155592122138754 0.311184244277508 0.466776366416263 0.622368488555017 
5 5 11 12 13 10 
p 5.04794118811698 1 0 0.155592122138755 0.311184244277509 0.466776366416264 0.622368488555018 
10 5 21 22 23 24 25 26 27 28 20 
p 6.26049293689545 1 0 0.210761741831084 0.421523483662168 0.632285225493252 0.843046967324336 1.05380870915542 1.2645704509865 1.47533219281759 1.68609393464867 1.89685567647976 
5 1 7 8 9 6 
p 4.50000001999998 1 -1.10468449440283e-29 11.2499999999999 22.4999999999998 33.7499999999997 44.9999999999996 
5 1 3 4 5 6 
p 5.40000000399995 1 -1.10468449440283e-29 11.2499999999999 22.4999999999998 33.7499999999997 44.9999999999996 
5 6 14 15 16 10 
p 4.50000001999998 1 0 0.392699081698724 0.785398163397448 1.17809724509617 1.5707963267949 
5 1 2 3 4 5 
p 5.04794118811698 1 0 0.392699081698724 0.785398163397448 1.17809724509617 1.5707963267949 
5 1 7 8 9 6 
p 4.50000001999998 1 -1.10488171414304e-29 11.2499999999999 22.4999999999998 33.7499999999997 44.9999999999996 
5 2 7 8 9 10 
p 5.40000000399995 1 -1.10488171414304e-29 11.2499999999999 22.4999999999998 33.7499999999997 44.9999999999996 
5 6 14 15 16 10 
p 4.50000001999998 1 0 0.392699081698724 0.785398163397448 1.17809724509617 1.5707963267949 
5 1 2 3 4 5 
p 5.04794118811698 1 0 0.392699081698724 0.785398163397448 1.17809724509617 1.5707963267949 
2 6 10 
p 0.0034642609604191 1 12.5 12.5100002288818 
2 1 2 
p 3.06415703875247 1 12.5 12.5100002288818 
5 1 3 4 5 2 
p 0.00346426096041768 1 12.5 12.5025000572205 12.5050001144409 12.5075001716614 12.5100002288818 
5 19 34 35 36 33 
p 2.56416491742978 1 12.5 12.5025000572205 12.5050001144409 12.5075001716614 12.5100002288818 
5 1 7 8 9 6 
p 5.04794118811696 1 0 0.155592122138754 0.311184244277508 0.466776366416263 0.622368488555017 
5 1 6 7 8 9 
p 5.30386471066172 1 0 0.155592122138754 0.311184244277508 0.466776366416263 0.622368488555017 
5 2 11 12 13 10 
p 5.04794118811696 1 0 0.155592122138754 0.311184244277508 0.466776366416263 0.622368488555017 
5 1 5 6 7 8 
p 5.30386471066172 1 0 0.155592122138754 0.311184244277508 0.466776366416263 0.622368488555017 
5 1 3 4 5 2 
p 5.04794118811697 1 0 0.392699081698724 0.785398163397448 1.17809724509617 1.5707963267949 
5 5 28 29 30 19 
p 6.26062706998341 1 0 0.392699081698724 0.785398163397448 1.17809724509617 1.5707963267949 
4 1 3 4 2 
p 5.04794118811697 1 0 0.523598775598299 1.0471975511966 1.5707963267949 
4 6 29 30 20 
p 6.26049293689545 1 0 0.523598775598299 1.0471975511966 1.5707963267949 
5 1 7 8 9 6 
p 5.04794118811698 1 0 0.155592122138755 0.311184244277509 0.466776366416264 0.622368488555018 
5 1 3 4 5 6 
p 5.6732777641678 1 0 0.155592122138755 0.311184244277509 0.466776366416264 0.622368488555018 
4 6 14 15 10 
p 5.04794118811698 1 0 0.523598775598299 1.0471975511966 1.5707963267949 
4 1 2 3 4 
p 6.26062706998341 1 0 0.523598775598299 1.0471975511966 1.5707963267949 
15 1 6 7 8 9 10 11 12 13 14 15 16 17 18 5 
p 6.26062706998341 1 0 0.135489691177125 0.270979382354251 0.406469073531376 0.541958764708502 0.677448455885627 0.812938147062753 0.948427838239878 1.083917529417 1.21940722059413 1.35489691177125 1.49038660294838 1.62587629412551 1.76136598530263 1.89685567647976 
15 1 6 7 8 9 10 11 12 13 14 15 16 17 18 19 
p 6.88129063330355 1 0 0.135489691177125 0.270979382354251 0.406469073531376 0.541958764708502 0.677448455885627 0.812938147062753 0.948427838239878 1.083917529417 1.21940722059413 1.35489691177125 1.49038660294838 1.62587629412551 1.76136598530263 1.89685567647976 
5 1 7 8 9 6 
p 5.04794118811698 1 0 0.155592122138755 0.311184244277509 0.466776366416264 0.622368488555018 
5 2 7 8 9 10 
p 5.6732777641678 1 0 0.155592122138755 0.311184244277509 0.466776366416264 0.622368488555018 
5 6 14 15 16 10 
p 5.04794118811698 1 0 0.392699081698724 0.785398163397448 1.17809724509617 1.5707963267949 
5 1 2 3 4 5 
p 6.26049293689545 1 0 0.392699081698724 0.785398163397448 1.17809724509617 1.5707963267949 
15 1 7 8 9 10 11 12 13 14 15 16 17 18 19 6 
p 6.26049293689545 1 0 0.135489691177125 0.270979382354251 0.406469073531376 0.541958764708502 0.677448455885627 0.812938147062753 0.948427838239878 1.083917529417 1.21940722059413 1.35489691177125 1.49038660294838 1.62587629412551 1.76136598530263 1.89685567647976 
15 5 20 21 22 23 24 25 26 27 28 29 30 31 32 33 
p 6.88126380668596 1 0 0.135489691177125 0.270979382354251 0.406469073531376 0.541958764708502 0.677448455885627 0.812938147062753 0.948427838239878 1.083917529417 1.21940722059413 1.35489691177125 1.49038660294838 1.62587629412551 1.76136598530263 1.89685567647976 
5 6 11 12 13 10 
p 0.0034642609604191 1 12.5 12.5025000572205 12.5050001144409 12.5075001716614 12.5100002288818 
5 1 2 3 4 5 
p 2.88629954657011 1 12.5 12.5025000572205 12.5050001144409 12.5075001716614 12.5100002288818 
Surfaces 17
1 50 -9.5248654659114216 -45.825317729436307 1 0 0 0 -0.49999997476321689 0.86602541835490165 0 -0.86602541835490165 -0.49999997476321689 
2 94.999999999999972 -4.9495474210154109 -28.750000315459737 -1 9.8913199343287141e-16 -1.7132269833145162e-15 1.9782640867157862e-15 0.49999997476321689 -0.86602541835490177 0 -0.86602541835490177 -0.49999997476321689 12.5
2 94.999999999999972 -4.9358868544258314 -28.753660653672235 -1 9.8913199343287141e-16 -1.7132269833145162e-15 1.9782640867157862e-15 0.49999997476321689 -0.86602541835490177 0 0.86602541835490177 0.49999997476321689 12.489999771118164
2 50.000000000000199 -39.949545654440598 31.871778969383389 1 1.20776051647794e-15 -2.0919027186964707e-15 2.4155211548758471e-15 -0.49999997476321689 0.86602541835490177 0 -0.86602541835490177 -0.49999997476321689 12.5
2 50.000000000000199 -39.9458853162281 31.885439535972964 1 1.20776051647794e-15 -2.0919027186964707e-15 2.4155211548758471e-15 -0.49999997476321689 0.86602541835490177 0 0.86602541835490177 0.49999997476321689 12.489999771118164
1 95 -9.5248654659114713 -45.825317729436222 -1.9782640867157862e-15 -0.49999997476321689 0.86602541835490177 -1 9.8913199343287121e-16 -1.713226983314516e-15 0 -0.86602541835490177 -0.49999997476321689 
2 94.999999999999844 -49.524863446968823 23.456715738955911 0 -0.86602541835490165 -0.49999997476321689 0 -0.49999997476321689 0.86602541835490165 1 0 0 80
5 94.999999999999844 -38.699545717532551 29.706715423496128 0 -0.86602541835490165 -0.49999997476321689 0.58296119081804931 0.40624997949511432 -0.70364565241335864 -0.81250000000000122 0.29148058069695953 -0.50485920916287286 67.5 12.5
1 70 -22.449546537727976 1.5608893269617745 0 0.86602541835490165 0.49999997476321689 0 -0.49999997476321689 0.86602541835490165 1 0 0 
5 94.999999999999844 -38.690885265131513 29.711715537684668 0 0.86602541835490165 0.49999997476321689 0.58296119081804931 0.40624997949511432 -0.70364565241335864 -0.81250000000000122 0.29148058069695953 -0.50485920916287286 67.510000228881836 12.489999771118164
5 94.999999999999844 -6.1995473579234037 -26.584936769572568 0 -0.86602541835490165 -0.49999997476321689 0 -0.49999997476321689 0.86602541835490165 1 0 0 67.5 12.5
5 118.31844763272181 -22.449546537727976 1.5608893269617763 0 -0.86602541835490165 -0.49999997476321689 0.58296119081804898 -0.40624997949511449 0.70364565241335897 0.81250000000000155 0.29148058069695937 -0.50485920916287252 27.5 12.5
5 94.999999999999844 -6.1908869055223654 -26.579936655384021 0 0.86602541835490165 0.49999997476321689 0 -0.49999997476321689 0.86602541835490165 1 0 0 67.510000228881836 12.489999771118164
5 118.31844763272181 -22.440886085326937 1.5658894411503184 0 0.86602541835490165 0.49999997476321689 0.58296119081804876 -0.40624997949511449 0.70364565241335897 0.81250000000000155 0.29148058069695926 -0.5048592091628723 27.510000228881836 12.489999771118164
1 50.000000000000227 -57.024863068417076 36.44709701427945 -2.4155211548758471e-15 0.49999997476321689 -0.86602541835490177 1 1.2077605164779398e-15 -2.0919027186964707e-15 -1.9721522630525295e-31 -0.86602541835490177 -0.49999997476321689 
2 94.999999999999844 -17.024865087359672 -32.834936454112778 0 -0.86602541835490165 -0.49999997476321689 0 -0.49999997476321689 0.86602541835490165 1 0 0 80
2 118.31844763272181 -33.274864267164247 -4.6891103575784356 0 -0.86602541835490165 -0.49999997476321689 0 -0.49999997476321689 0.86602541835490165 1 0 0 40
Triangulations 18
17 16 1 5.88793609567329
50 1.30045226352484 -39.5753180448961 50 1.30911271592588 -39.5703179307076 50 -15.7748651504516 -35 50 -4.94954778527695 -41.2500003154598 50 -11.1995477364752 -39.5753176806345 50 5.88077042260945 -22.5086610833206 50 5.88077005863928 -34.9986608544388 50 7.55411291669237 -28.7536610176425 50 -50.7748633838769 25.6217792848432 50 -29.1292280391929 38.1304391063246 50.0000000000002 -46.1995453389808 42.6970966988197 50 -50.7748630196153 38.1217792848432 50 -52.4495456544406 31.871779333645 50.0000000000002 -46.1908848865798 42.7020968130082 50 -39.9458849522579 44.3754393070911 50 -33.7008851154616 42.702096449038 50 -22.449546537728 1.56088932696179 1.4210854715202e-14 -12.5 1.4210854715202e-14 -12.5100002288818 12.5 0 1.67468245269453 -6.25 6.25000000000002 -1.67468245269451 12.4899997711182 -25 1.67334267606802 -18.7550001144409 6.24499988555909 -23.326657323932 82.5000000000001 0 82.5100002288819 -25 95.0000000000001 -12.5 93.3253175473056 -6.25 88.7500000000001 -1.67468245269452 95.0000000000001 -12.5100002288818 93.3266573239321 -18.7550001144409 88.755000114441 -23.326657323932 47.5000000000001 -12.5 2 7 8 8 6 2 2 6 1 4 1 3 3 5 4 1 6 3 6 17 3 10 16 14 15 14 16 10 14 11 17 9 3 17 10 9 13 11 12 11 13 9 10 11 9 10 17 6 
4 2 1 3.3758660802401
95 1.3004522635248 -39.575318044896 95 1.30911271592583 -39.5703179307075 50 1.30045226352484 -39.5753180448961 50 1.30911271592588 -39.5703179307076 1.4210854715202e-14 -12.5 1.4210854715202e-14 -12.5100002288818 45 -12.5 45 -12.5100002288818 1 2 4 4 3 1 
13 11 1 4.66879331901201
95 1.3004522635248 -39.575318044896 95 -15.7748651504517 -35 95 -3.31797037941004 -41.143061130178 95 -8.18478583664659 -40.8240730497952 95 -12.5590655726126 -38.6669168473518 50 1.30045226352484 -39.5753180448961 50 -15.7748651504516 -35 83.75 -15.7748651504517 -35 72.5 -15.7748651504517 -35 61.25 -15.7748651504516 -35 50 -3.31797037941 -41.1430611301781 50 -8.18478583664656 -40.8240730497953 50 -12.5590655726125 -38.6669168473518 0 0 1.5707963267949 0 0.392699081698724 0 0.785398163397448 0 1.17809724509617 0 0 45 1.5707963267949 45 1.5707963267949 11.25 1.5707963267949 22.5 1.5707963267949 33.75 0.392699081698725 45 0.785398163397449 45 1.17809724509617 45 1 3 6 3 4 11 11 6 3 12 11 4 4 5 12 5 2 8 5 8 9 13 9 10 9 13 5 10 7 13 5 13 12 
13 11 1 4.66879331901201
95 1.30911271592583 -39.5703179307075 95 5.8807704226094 -22.5086610833206 95 4.97309596265652 -36.3570910514137 95 7.12852640063934 -31.9863108193319 95 7.44725928471697 -27.1233889035752 50 1.30911271592588 -39.5703179307076 50 5.88077042260945 -22.5086610833206 83.75 5.88077042260942 -22.5086610833206 72.5 5.88077042260943 -22.5086610833206 61.25 5.88077042260944 -22.5086610833206 50 4.97309596265657 -36.3570910514138 50 7.12852640063938 -31.986310819332 50 7.44725928471702 -27.1233889035753 0 0 1.5707963267949 0 0.392699081698724 0 0.785398163397448 0 1.17809724509617 0 0 45 1.5707963267949 45 1.5707963267949 11.25 1.5707963267949 22.5 1.5707963267949 33.75 0.392699081698724 45 0.785398163397448 45 1.17809724509617 45 1 3 6 3 4 11 11 6 3 12 11 4 4 5 12 5 2 8 5 8 9 13 9 10 9 13 5 10 7 13 5 13 12 
19 18 1 9.76895411356209
50 -4.94954742101537 -28.7500003154598 50 -39.9495456544406 31.8717789693834 95 -4.94954742101542 -28.7500003154597 83.75 -4.9495474210154 -28.7500003154598 72.5 -4.94954742101539 -28.7500003154598 61.25 -4.94954742101538 -28.7500003154598 94.9999999999998 -39.9495456544405 31.8717789693833 134.349880380218 -11.2776721016123 -17.7893661144056 122.209904524304 -7.81317853645645 -23.7900453955852 108.903061175459 -5.6732136114552 -27.496573621545 134.349880380218 -33.6214209738436 20.9111447683291 108.903061175459 -39.2258794640008 30.6183522754685 122.209904524304 -37.0859145389995 26.9118240495088 140.50212208527 -30.5756550947149 15.6357231626927 144.455595979903 -26.7244579081041 8.96525351660661 145.818447632722 -22.449546537728 1.56088932696179 144.455595979903 -18.1746351673519 -5.84347486268304 140.50212208527 -14.3234379807411 -12.5139445087691 97.9092238163609 -22.449546537728 1.56088932696178 -35 -20 35 -20 -34.9999999999999 25 -35 13.75 -35 2.49999999999999 -35 -8.75000000000001 35 24.9999999999998 -22.34375 64.3498803802182 -29.2727374800425 52.209904524304 -33.5526675460683 38.9030611754592 22.34375 64.3498803802182 33.5526675460684 38.9030611754591 29.2727374800425 52.2099045243039 16.2522179342812 70.5021220852698 8.54982317229225 74.4555959799026 7.105427357601e-15 75.8184476327218 -8.54982317229224 74.4555959799026 -16.2522179342812 70.5021220852698 7.105427357601e-15 27.9092238163609 19 5 6 4 19 3 19 4 5 19 9 10 8 19 18 9 19 8 19 10 3 6 1 2 19 13 11 13 19 12 19 7 12 7 19 2 19 6 2 17 19 16 19 15 16 14 15 19 19 11 14 19 17 18 
19 18 1 9.77002217776405
50 -4.94454730682682 -28.7586607678609 50 -39.9545457686291 31.8804394217844 95 -4.94454730682687 -28.7586607678608 83.75 -4.94454730682686 -28.7586607678608 72.5 -4.94454730682685 -28.7586607678608 61.25 -4.94454730682684 -28.7586607678608 94.9999999999998 -39.9545457686291 31.8804394217843 134.355710125556 -11.2736095088341 -17.7964027319814 122.213935713535 -7.80860267362475 -23.7979710230316 108.905120935369 -5.66832070952649 -27.5050483768523 134.355710125556 -33.6254835666218 20.918181385905 108.905120935369 -39.2307723659295 30.6268270307759 122.213935713535 -37.0904904018312 26.9197496769552 140.510189060614 -30.5786101109145 15.640841401232 144.465100615022 -26.7260124569096 8.96794607430192 145.828447861604 -22.449546537728 1.56088932696179 144.465100615022 -18.1730806185463 -5.84616742037834 140.510189060614 -14.3204829645415 -12.5190627473084 97.9142239308018 -22.449546537728 1.56088932696178 -35.0100002288819 -20 35.0100002288819 -20 -35.0100002288818 25 -35.0100002288818 13.75 -35.0100002288818 2.49999999999999 -35.0100002288819 -8.75000000000001 35.0100002288818 24.9999999999998 -22.3518751859665 64.3557101255556 -29.2818892061678 52.213935713535 -33.5624533504197 38.905120935369 22.3518751859665 64.3557101255556 33.5624533504197 38.9051209353689 29.2818892061678 52.213935713535 16.2581279669786 70.510189060614 8.55293227006034 74.4651006150222 2.1316282072803e-14 75.8284478616036 -8.55293227006031 74.4651006150222 -16.2581279669786 70.510189060614 7.105427357601e-15 27.9142239308018 19 5 6 19 3 4 4 5 19 19 9 10 8 19 18 9 19 8 19 10 3 6 1 2 19 13 11 13 19 12 19 7 12 7 19 2 19 6 2 17 19 16 19 15 16 19 14 15 11 14 19 19 17 18 
16 14 1 4.50000001999998
50.0000000000002 -46.1995453389808 42.6970966988197 50 -50.7748633838769 25.6217792848432 50 -49.8664621863326 39.4812971209805 50 -52.0236183887761 35.1070173850146 50 -52.3426064691589 30.240201927778 94.9999999999998 -46.1995453389807 42.6970966988196 61.2500000000001 -46.1995453389808 42.6970966988196 72.5 -46.1995453389808 42.6970966988196 83.7499999999999 -46.1995453389808 42.6970966988196 94.9999999999998 -50.7748633838768 25.6217792848431 61.2499999999999 -50.7748633838768 25.6217792848432 72.4999999999999 -50.7748633838768 25.6217792848431 83.7499999999998 -50.7748633838768 25.6217792848431 94.9999999999998 -49.8664621863326 39.4812971209805 94.9999999999998 -52.0236183887761 35.1070173850145 94.9999999999998 -52.3426064691588 30.2402019277779 0 -1.98951966012828e-13 1.5707963267949 -1.98951966012828e-13 0.392699081698724 -1.98951966012828e-13 0.785398163397448 -1.98951966012828e-13 1.17809724509617 -1.98951966012828e-13 0 44.9999999999996 0 11.2499999999999 0 22.4999999999998 0 33.7499999999997 1.5707963267949 44.9999999999996 1.5707963267949 11.2499999999997 1.5707963267949 22.4999999999997 1.5707963267949 33.7499999999996 0.392699081698724 44.9999999999996 0.785398163397448 44.9999999999996 1.17809724509617 44.9999999999996 7 1 3 8 3 14 3 8 7 6 9 14 14 9 8 3 15 14 3 4 15 16 4 5 2 11 5 12 5 11 16 12 13 12 16 5 13 10 16 4 16 15 
16 14 1 4.50000001999998
50.0000000000002 -46.1908848865798 42.7020968130082 50 -29.1292280391929 38.1304391063246 50 -41.5761570663251 44.2685856751158 50 -36.7132351505684 43.9498527910381 50 -32.3424549184866 41.7944223530553 94.9999999999998 -46.1908848865797 42.7020968130081 61.2500000000001 -46.1908848865797 42.7020968130082 72.5 -46.1908848865797 42.7020968130081 83.7499999999999 -46.1908848865797 42.7020968130081 94.9999999999998 -29.1292280391928 38.1304391063245 61.2499999999999 -29.1292280391929 38.1304391063246 72.4999999999999 -29.1292280391928 38.1304391063246 83.7499999999998 -29.1292280391928 38.1304391063246 94.9999999999998 -41.5761570663251 44.2685856751157 94.9999999999998 -36.7132351505683 43.949852791038 94.9999999999998 -32.3424549184866 41.7944223530552 0 -1.98951966012828e-13 1.5707963267949 -1.98951966012828e-13 0.392699081698725 -1.98951966012828e-13 0.785398163397449 -1.98951966012828e-13 1.17809724509617 -1.98951966012828e-13 0 44.9999999999996 0 11.2499999999999 0 22.4999999999998 0 33.7499999999997 1.5707963267949 44.9999999999996 1.5707963267949 11.2499999999997 1.5707963267949 22.4999999999997 1.5707963267949 33.7499999999996 0.392699081698724 44.9999999999996 0.785398163397448 44.9999999999996 1.17809724509617 44.9999999999996 7 1 3 8 3 14 3 8 7 6 9 14 14 9 8 3 15 14 3 4 15 16 4 5 2 11 5 12 5 11 16 12 13 12 16 5 13 10 16 4 16 15 
10 8 1 3.82586607224007
50.0000000000002 -46.1995453389808 42.6970966988197 50.0000000000002 -46.1908848865798 42.7020968130082 61.2500000000001 -46.1995453389808 42.6970966988196 72.5 -46.1995453389808 42.6970966988196 83.7499999999999 -46.1995453389808 42.6970966988196 94.9999999999998 -46.1995453389807 42.6970966988196 61.2500000000001 -46.1908848865797 42.7020968130082 72.5 -46.1908848865797 42.7020968130081 83.7499999999999 -46.1908848865797 42.7020968130081 94.9999999999998 -46.1908848865797 42.7020968130081 0 -12.5 0 -12.5100002288818 11.2499999999999 -12.5 22.4999999999998 -12.5 33.7499999999997 -12.5 44.9999999999996 -12.5 11.2499999999999 -12.5100002288818 22.4999999999998 -12.5100002288818 33.7499999999997 -12.5100002288818 44.9999999999996 -12.5100002288818 2 7 3 2 3 1 3 7 8 3 8 4 9 10 6 5 4 9 6 5 9 9 4 8 
13 11 1 3.20087592058671
141.636895265444 -6.1995473579234 -26.5849367695726 141.636895265444 -6.19088690552237 -26.579936655384 141.636895265444 -6.19738224482314 -26.5836867410254 141.636895265444 -6.19521713172288 -26.5824367124783 141.636895265444 -6.19305201862262 -26.5811866839312 95 1.3004522635248 -39.575318044896 131.000787818241 -2.97860381632578 -32.1637750073756 119.494897427832 -0.620682110189151 -36.2478154775219 107.397207655534 0.817250116006925 -38.7383873187448 95 1.30911271592583 -39.5703179307075 131.000787818241 -2.96994336392474 -32.1587748931871 119.494897427832 -0.612021657788112 -36.2428153633333 107.397207655534 0.825910568407963 -38.7333872045563 2.51922416503477 -12.5 2.51922416503477 -12.5100002288818 2.51922416503477 -12.5025000572205 2.51922416503477 -12.5050001144409 2.51922416503477 -12.5075001716614 3.14159265358979 -12.5 2.67481628717353 -12.5 2.83040840931228 -12.5 2.98600053145104 -12.5 3.14159265358979 -12.5100002288818 2.67481628717353 -12.5100002288818 2.83040840931228 -12.5100002288818 2.98600053145104 -12.5100002288818 2 11 5 5 11 4 7 3 4 7 1 3 7 4 11 12 13 9 13 10 6 8 7 12 6 9 13 8 12 9 12 7 11 
25 32 1 5.11192206875316
141.636895265444 -6.1995473579234 -26.5849367695726 134.349880380218 -22.1029898310486 -24.0393657989458 141.082204285783 -10.7287663325223 -28.3071851510318 139.502578020169 -15.341551234622 -28.4281909284317 137.138500248192 -19.3356473778771 -26.9295320690832 131.000787818241 -2.97860381632578 -32.1637750073756 119.494897427832 -0.620682110189151 -36.2478154775219 107.397207655534 0.817250116006925 -38.7383873187448 95 1.3004522635248 -39.575318044896 95 -15.7748651504517 -35 125.375664721641 -19.3853187178256 -28.7465105620921 115.667569704733 -17.3958222782728 -32.192419708778 105.460143959357 -16.1825669624199 -34.2938396998099 95 -3.31797037941004 -41.143061130178 95 -8.18478583664659 -40.8240730497952 95 -12.5590655726126 -38.6669168473518 127.528306135724 -16.425382244349 -31.9702594830815 129.353227408256 -12.2680127745111 -33.7517160586239 130.572600818446 -7.54613212344677 -33.8196696740372 106.20142614332 -12.9956601121336 -37.9107128717031 106.829854834514 -8.64587444786383 -40.0254440946294 107.249757461426 -3.79542540609032 -40.3160847099847 117.132224614594 -14.2948955592099 -35.6603709149288 118.373899091559 -10.0180003305964 -37.6488521914162 119.203559452317 -5.21625512083715 -37.8551352895224 0 0 0 1.5707963267949 0 0.392699081698724 0 0.785398163397448 0 1.17809724509617 0.155592122138754 0 0.311184244277508 0 0.466776366416263 0 0.622368488555017 0 0.622368488555017 1.5707963267949 0.155592122138754 1.5707963267949 0.311184244277508 1.5707963267949 0.466776366416263 1.5707963267949 0.622368488555017 0.392699081698724 0.622368488555017 0.785398163397448 0.622368488555017 1.17809724509617 0.155592122138754 1.17809724509617 0.155592122138754 0.785398163397448 0.155592122138754 0.392699081698724 0.466776366416263 1.17809724509617 0.466776366416263 0.785398163397448 0.466776366416263 0.392699081698724 0.311184244277508 1.17809724509617 0.311184244277508 0.785398163397448 0.311184244277508 0.392699081698724 1 6 3 3 6 19 19 7 25 7 19 6 25 7 8 19 25 18 3 19 18 5 4 18 2 5 17 18 17 5 24 17 18 23 11 17 17 11 2 4 3 18 24 18 25 25 22 24 22 25 8 22 8 9 24 22 21 22 14 21 14 22 9 21 14 15 24 21 20 23 20 12 23 24 20 12 20 13 23 12 11 16 13 20 10 13 16 16 20 15 21 15 20 24 23 17 
30 43 1 5.11192206875316
141.636895265444 -6.19088690552237 -26.579936655384 134.355710125556 -0.44829177939787 -11.5464030474412 140.661401426357 -1.46235369484568 -22.2799965711952 137.9963026955 0.639582004964586 -16.777341362041 131.000787818241 -2.96994336392474 -32.1587748931871 119.494897427832 -0.612021657788112 -36.2428153633333 107.397207655534 0.825910568407963 -38.7333872045563 95 1.30911271592583 -39.5703179307075 95 5.8807704226094 -22.5086610833206 125.380164923117 2.26978196098302 -16.2542451813285 115.670631636992 4.25957314749513 -19.7006648447577 105.461693645783 5.4730082089903 -21.8023961643952 95 4.97309596265652 -36.3570910514137 95 7.12852640063934 -31.9863108193319 95 7.44725928471697 -27.1233889035752 128.190476370679 3.60909064595385 -21.9206815478862 127.531084184653 3.58061241389659 -20.4261596176764 130.247767135387 1.69121806818494 -27.7421434576708 129.354545486752 3.04514279587548 -24.9136824731128 130.572943375886 0.744893502219248 -29.0336290723936 106.429450650658 7.10863073612384 -27.9820631951041 106.202382790425 7.0106274582561 -26.3671203450479 107.137897947608 5.40767494580398 -34.1792360270498 106.830308727159 6.66742009818815 -31.187651222048 107.249875424281 4.49563633817434 -35.5301066675933 117.582764532412 5.78294709227823 -25.6859116146739 117.134114796107 5.71128105121696 -24.1165861999674 118.982542962683 3.99981963660025 -31.7407589376985 118.374795910754 5.29524156917582 -28.8109681327973 119.203792528032 3.0747929411052 -33.069133548652 0 0 0 1.5707963267949 0 0.523598775598299 0 1.0471975511966 0.155592122138754 0 0.311184244277508 0 0.466776366416263 0 0.622368488555017 0 0.622368488555017 1.5707963267949 0.155592122138754 1.5707963267949 0.311184244277508 1.5707963267949 0.466776366416263 1.5707963267949 0.622368488555017 0.392699081698724 0.622368488555017 0.785398163397448 0.622368488555017 1.17809724509617 0.155592122138754 1.0471975511966 0.155592122138754 1.17809724509617 0.155592122138754 0.523598775598299 0.155592122138754 0.785398163397448 0.155592122138754 0.392699081698724 0.466776366416263 1.0471975511966 0.466776366416263 1.17809724509617 0.466776366416263 0.523598775598299 0.466776366416263 0.785398163397448 0.466776366416263 0.392699081698724 0.311184244277508 1.0471975511966 0.311184244277508 1.17809724509617 0.311184244277508 0.523598775598299 0.311184244277508 0.785398163397448 0.311184244277508 0.392699081698724 3 1 20 20 1 5 20 6 30 6 20 5 18 30 28 30 18 20 6 7 30 20 18 3 3 18 19 4 19 16 4 3 19 17 4 16 4 17 2 19 29 16 16 26 17 29 28 23 17 10 2 27 10 17 26 16 29 29 19 28 18 28 19 30 25 28 23 28 25 25 7 8 23 25 13 24 29 23 14 23 13 24 14 21 24 23 14 13 25 8 24 26 29 26 21 27 21 26 24 27 11 10 22 11 27 27 21 22 26 27 17 22 15 9 15 22 21 9 12 22 22 12 11 21 14 15 25 30 7 
30 43 1 5.04794118811698
