DBRep_DrawableShape

CASCADE Topology V1, (c) Matra-Datavision
Locations 4
1
0.342020148718266 0.939692618823163               0 -30.4718827663446 
-0.939692618823163 0.342020148718266               0 97.0500004747999 
              0               0               1               0 
2  1 -1 0
1
0.998629534754574 -0.0523359562429444               0 3.75248387588951 
0.0523359562429444 0.998629534754574               0 -2.73321838214984 
              0               0               1               0 
2  3 -1 0
Curve2ds 10
1 0 0 0 1 
1 1.22173047065735 0 0 1 
1 0 0 0 1 
1 6.2308254296197596 0 0 1 
1 6.2831853071795898 0 0 1 
1 0 0 0 1 
1 6.2831853071795898 0 0 1 
1 0 0 0 1 
1 6.2831853071795898 0 0 1 
1 0 0 0 1 
Curves 1
2 182.97950732870601 182.97950732870601 95.431980360370702 0.70710678118654702 -0.70710678118654802 0 -0.70710678118654802 -0.70710678118654702 0 0 0 -1 33.345881490934502
Polygon3D 0
PolygonOnTriangulations 0
Surfaces 6
1 0 0 0 0.70710678118654702 -0.70710678118654802 0 -0.70710678118654802 -0.70710678118654702 0 0 0 -1 
7 54.06494140625 70.2841796875 0 0 0 -1 
2 182.97950732870601 182.97950732870601 95.431980360370702 0.70710678118654702 -0.70710678118654802 0 -0.70710678118654802 -0.70710678118654702 0 0 0 -1 33.345881490934502
7 54.06494140625 70.2841796875 0 0 0 -1 
2 182.97950732870601 182.97950732870601 95.431980360370702 0.70710678118654702 -0.70710678118654802 0 -0.70710678118654802 -0.70710678118654702 0 0 0 -1 33.345881490934502
7 54.06494140625 70.2841796875 0 0 0 -1 
2 182.97950732870601 182.97950732870601 95.431980360370702 0.70710678118654702 -0.70710678118654802 0 -0.70710678118654802 -0.70710678118654702 0 0 0 -1 33.345881490934502
7 54.06494140625 70.2841796875 0 0 0 -1 
2 182.97950732870601 182.97950732870601 95.431980360370702 0.70710678118654702 -0.70710678118654802 0 -0.70710678118654802 -0.70710678118654702 0 0 0 -1 33.345881490934502
7 54.06494140625 70.2841796875 0 0 0 -1 
2 182.97950732870601 182.97950732870601 95.431980360370702 0.70710678118654702 -0.70710678118654802 0 -0.70710678118654802 -0.70710678118654702 0 0 0 -1 33.345881490934502
Triangulations 0

TShapes 4
Ve
1e-07
159.400408401823 159.400408401823 95.4319803603707
0 0

0101100
*
Ed
 1e-07 1 1 0
1  1 0 0 6.28318530717959
2  1 2 0 0 6.28318530717959
2  2 2 2 0 6.28318530717959
2  3 3 0 0 6.28318530717959
2  4 3 4 0 6.28318530717959
3  5 6CN 4 0 0 6.28318530717959
3  7 8CN 5 0 0 6.28318530717959
3  9 10CN 6 0 0 6.28318530717959
0

0101000
+4 0 -4 0 *
Wi

0101100
+3 0 *
Fa
0  1e-07 1 0

0101000
+2 0 *

+1 0 
0

