DBRep_DrawableShape

CASCADE Topology V1, (c) Matra-Datavision
Locations 2
1
              1               0               0 1.98041445465612e-15 
              0               1               0 2.33269148058542e-15 
              0               0               1  -304.799987793 
2  1 -1 0
Curve2ds 20
1 2.87413058636544 0 0 -1 
1 0 0 0 -1 
1 -386.079999261541 100.692846190592 0.991071249372238 0.13333333667073 
1 3.40905578607935 0 0 -1 
2 389.466622102287 6.75926400006688e-06 -0.133333122683319 0.991071278160918 0.991071278160918 0.133333122683319 203.1999969482
1 0 0 1 0 
1 0 -304.799987793 1 0 
1 0 0 0 -1 
1 362.373255702043 -201.385663676471 -0.99107124937223 0.133333336670794 
2 -372.533347380213 6.75926400006688e-06 -0.133332375185395 -0.991071378724772 -0.991071378724772 0.133332375185395 101.5999984741
1 0 0 1 0 
1 0 -304.799987793 1 0 
1 0 0 0 -1 
1 6.28318530717959 0 0 -1 
1 0 0 1 0 
1 0 -304.799987793 1 0 
1 0 0 0 -1 
1 6.28318530717959 0 0 -1 
1 0 0 1 0 
1 0 -304.799987793 1 0 
Curves 12
1 -445.346639674328 100.692839431328 50.79999923706 6.49742301171314e-18 7.65318757876602e-18 -1 
1 303.106691567156 201.385680697747 50.79999923706 6.49742301171314e-18 7.65318757876602e-18 -1 
1 -445.346639674328 100.692839431328 50.79999923706 0.991071249372238 0.13333333667073 -3.84922175984016e-18 
1 303.106615289256 -201.385670435735 50.79999923706 6.49742301171314e-18 7.65318757876602e-18 -1 
2 330.1999816895 0 50.79999923706 -4.28545608375011e-18 2.98477908937898e-18 -1 -0.133333122683319 0.991071278160918 3.52952206890743e-18 0.991071278160918 0.133333122683319 -3.84922252191793e-18 203.1999969482
1 -445.346556908384 -100.692850566161 50.79999923706 6.49742301171314e-18 7.65318757876602e-18 -1 
1 303.106615289256 -201.385670435735 50.79999923706 -0.99107124937223 0.133333336670794 4.64516287026416e-18 
2 -431.799987793 0 50.79999923706 -4.28545608375011e-18 2.98477908937898e-18 -1 -0.133332375185395 -0.991071378724772 -2.38673908890059e-18 -0.991071378724772 0.133332375185395 4.64516055477729e-18 101.5999984741
1 -380.99998855594 0 50.79999923706 6.49742301171314e-18 7.65318757876602e-18 -1 
2 -431.799987793 0 50.79999923706 0 0 1 1 0 -0 -0 1 0 50.79999923706
1 431.7999725342 0 50.79999923706 6.49742301171314e-18 7.65318757876602e-18 -1 
2 330.1999816895 0 50.79999923706 0 0 1 1 0 -0 -0 1 0 101.5999908447
Polygon3D 0
PolygonOnTriangulations 0
Surfaces 8
1 -445.346639674328 100.692839431328 50.79999923706 0.13333333667073 -0.991071249372238 -6.71853108545484e-18 0.991071249372238 0.13333333667073 -3.84922175984016e-18 4.71065718578531e-18 -6.14531341598288e-18 1 
2 -431.799987793 0 50.79999923706 4.28545608375011e-18 -2.98477908937898e-18 1 -0.133332375185395 -0.991071378724772 -2.38673908890059e-18 -0.991071378724772 0.133332375185395 4.64516055477729e-18 101.5999984741
2 330.1999816895 0 50.79999923706 4.28545608375011e-18 -2.98477908937898e-18 1 -0.133333122683319 0.991071278160918 3.52952206890743e-18 0.991071278160918 0.133333122683319 -3.84922252191793e-18 203.1999969482
1 -59.2666404127872 -6.75926400006688e-06 50.79999923706 4.28545608375011e-18 -2.98477908937898e-18 1 1 0 -4.28545608375011e-18 1.27911397072293e-35 1 2.98477908937898e-18 
1 303.106615289256 -201.385670435735 50.79999923706 0.133333336670794 0.99107124937223 8.45117726528099e-18 -0.99107124937223 0.133333336670794 4.64516287026416e-18 3.47686370579393e-18 -8.99507387583982e-18 1 
2 -431.799987793 0 50.79999923706 0 0 1 1 0 -0 -0 1 0 50.79999923706
2 330.1999816895 0 50.79999923706 0 0 1 1 0 -0 -0 1 0 101.5999908447
1 -50.8284048114575 -1.172752776372e-05 50.79999923706 -6.49742301171314e-18 -7.65318757876602e-18 1 0 1 7.65318757876602e-18 -1 4.97259970872315e-35 -6.49742301171314e-18 
Triangulations 0

TShapes 36
Ve
0.003
-445.346639674328 100.692839431328 50.79999923706
0 0

0101101
*
Ed
 0.003 1 1 0
1  1 0 0 304.799987793
2  1 2 0 0 304.799987793
0

0101000
+36 0 -36 1 *
Ve
0.003
303.106691567156 201.385680697747 50.79999923706
0 0

0101101
*
Ed
 0.003 1 1 0
1  2 0 0 304.799987793
2  2 3 0 0 304.799987793
0

0101000
+34 0 -34 1 *
Ed
 0.003 1 1 0
2  3 4 0 0 755.196290595219
1  3 0 0 755.196290595219
0

0101000
+36 0 -34 0 *
Wi

0101000
+35 0 -33 0 -32 0 +32 1 *
Fa
0  0.003 1 0

0111000
+31 0 *
Ve
0.003
303.106615289256 -201.385670435735 50.79999923706
0 0

0101101
*
Ed
 0.003 1 1 0
1  4 0 0 304.799987793
2  4 3 0 0 304.799987793
0

0101000
+29 0 -29 1 *
Ed
 0.003 1 1 0
2  5 4 0 0 3.40905578607935
1  5 0 0 3.40905578607935
2  6 3 0 0 3.40905578607935
2  7 3 2 0 3.40905578607935
0

0101000
+34 0 -29 0 *
Wi

0101000
+33 0 -28 0 -27 0 +27 1 *
Fa
0  0.003 3 0

0111000
+26 0 *
Ve
0.003
-445.346556908384 -100.692850566161 50.79999923706
0 0

0101101
*
Ed
 0.003 1 1 0
1  6 0 0 304.799987793
2  8 2 0 0 304.799987793
0

0101000
+24 0 -24 1 *
Ed
 0.003 1 1 0
2  9 4 0 0 755.196130118526
1  7 0 0 755.196130118526
0

0101000
+29 0 -24 0 *
Wi

0101000
+28 0 -23 0 -22 0 +22 1 *
Fa
0  0.003 5 0

0111000
+21 0 *
Ed
 0.003 1 1 0
2  10 4 0 0 2.87413058636544
1  8 0 0 2.87413058636544
2  11 2 0 0 2.87413058636544
2  12 2 2 0 2.87413058636544
0

0101000
+24 0 -36 0 *
Wi

0101000
+23 0 -35 0 -19 0 +19 1 *
Fa
0  0.003 2 0

0101000
+18 0 *
Ve
1e-07
-380.99998855594 0 50.79999923706
0 0

0101101
*
Ed
 1e-07 1 1 0
1  9 0 0 304.799987793
3  13 14CN 6 0 0 304.799987793
0

0101000
+16 0 -16 1 *
Ed
 1e-07 1 1 0
1  10 0 0 6.28318530717959
2  15 6 0 0 6.28318530717959
2  16 6 2 0 6.28318530717959
0

0101100
+16 0 -16 0 *
Wi

0101000
+15 0 -15 0 -14 0 +14 1 *
Fa
0  1e-07 6 0

0101000
+13 0 *
Ve
1e-07
431.7999725342 0 50.79999923706
0 0

0101101
*
Ed
 1e-07 1 1 0
1  11 0 0 304.799987793
3  17 18CN 7 0 0 304.799987793
0

0101000
+11 0 -11 1 *
Ed
 1e-07 1 1 0
1  12 0 0 6.28318530717959
2  19 7 0 0 6.28318530717959
2  20 7 2 0 6.28318530717959
0

0101100
+11 0 -11 0 *
Wi

0101000
+10 0 -10 0 -9 0 +9 1 *
Fa
0  1e-07 7 0

0111000
+8 0 *
Wi

0101000
+32 0 +27 0 +22 0 +19 0 *
Wi

0101100
+14 0 *
Wi

0101100
+9 0 *
Fa
0  0.003 8 0

0111100
-6 0 -5 0 -4 0 *
Sh

0101000
-30 0 -25 0 -20 0 -17 0 -12 0 -7 0 +3 0 -3 1 *
So

1100000
+2 0 *

+1 0 
0

