DBRep_DrawableShape

CASCADE Topology V1, (c) Matra-Datavision
Locations 2
1
              1               0               0 -27.00000071526 
              0               1               0 -6.21233974229465e-13 
              0               0               1 -9.34472451800651e-14 
2  1 -1 0
Curve2ds 20
1 0 0 0 -1 
1 5.3014556926101974 -5.5908600925189571 -1 1.2478314349024285e-12 
1 0.78539816339744828 0 0 -1 
2 2.8970710795701979 -2.5908600925159568 0 -1 -1 -0 3
1 0 0 1 0 
1 0 -27.000000715260001 1 0 
1 0 0 0 -1 
1 0.77575073601055555 -4.7121804360755997 -0.70710678118654768 0.70710678118654746 
1 0.78539816339744828 0 0 -1 
2 -1.345591350239804 1.6518023372940434 -0.70710678118654757 -0.70710678118654757 -0.70710678118654757 0.70710678118654757 3.0000000000000004
1 0 0 1 0 
1 0 -27.000000715260001 1 0 
1 0 0 0 -1 
1 -4.345591350239804 1.6518023372940434 0 1 
1 1.5707963267948966 0 0 -1 
2 -1.845591350239804 3.2128279567940421 -1 7.9633196746572349e-29 7.9633196746572349e-29 1 2.5
1 0 0 1 0 
1 0 -27.000000715260001 1 0 
1 -1.845591350239804 5.7128279567940421 1 -7.9633196746572349e-29 
1 5.3014537852601968 5.7128279567940421 1.6873696374902719e-07 -0.99999999999998579 
Curves 16
1 29.999999999999897 -12 7.2000045776369994 -1 -2.3008665102677307e-14 -3.4610089890571767e-15 
1 29.999999999999954 -14.40438461304 7.2000045776399997 -1 -2.3008665102677307e-14 -3.4610089890571767e-15 
1 29.999999999999897 -12 7.2000045776369994 2.3008665102672991e-14 -1 1.2478314349024285e-12 
1 30 -16.525704956599643 8.078684234080356 -1 -2.3008665102677307e-14 -3.4610089890571767e-15 
2 29.999999999999943 -14.40438461304 10.20000457764 -1 -2.300866510267731e-14 -3.4610089890571771e-15 3.4610089890571771e-15 7.9633196746572349e-29 -1 2.300866510267731e-14 -1 0 3
1 30.000000000000082 -20.768367386409643 12.321346663890356 -1 -2.3008665102677307e-14 -3.4610089890571767e-15 
1 30 -16.525704956599643 8.078684234080356 1.3822280194243475e-14 -0.70710678118654768 0.70710678118654746 
1 30.000000000000096 -21.647047042850001 14.44266700745 -1 -2.3008665102677307e-14 -3.4610089890571767e-15 
2 30.000000000000025 -18.647047042850001 14.44266700745 -1 -2.3008665102677304e-14 -3.4610089890571747e-15 1.8716886046063321e-14 -0.70710678118654757 -0.70710678118654757 1.3822280194243468e-14 -0.70710678118654757 0.70710678118654757 3.0000000000000004
1 30.000000000000089 -21.647047042850001 16.003692626949999 -1 -2.3008665102677307e-14 -3.4610089890571767e-15 
1 30.000000000000096 -21.647047042850001 14.44266700745 -3.4610089890571771e-15 -7.9633196746572349e-29 1 
1 30.000000000000021 -19.147047042850001 18.503692626949999 -1 -2.3008665102677307e-14 -3.4610089890571767e-15 
2 30.000000000000032 -19.147047042850001 16.003692626949999 -1 -2.300866510267731e-14 -3.4610089890571771e-15 2.300866510267731e-14 -1 7.9633196746572349e-29 -3.4610089890571771e-15 0 1 2.5
1 29.999999999999858 -12.000001907350001 18.503692626949999 -1 -2.3008665102677307e-14 -3.4610089890571767e-15 
1 30.000000000000021 -19.147047042850001 18.503692626949999 -2.300866510267731e-14 1 -7.9633196746572349e-29 
1 29.999999999999858 -12.000001907350001 18.503692626949999 3.4610051066448384e-15 1.6873696374902719e-07 -0.99999999999998579 
Polygon3D 0
PolygonOnTriangulations 0
Surfaces 9
1 29.999999999999897 -12 7.2000045776369994 -3.4610089890858877e-15 1.2478314349024285e-12 1 2.3008665102672991e-14 -1 1.2478314349024285e-12 1 2.300866510267731e-14 3.4610089890571767e-15 
2 29.999999999999943 -14.40438461304 10.20000457764 1 2.300866510267731e-14 3.4610089890571771e-15 3.4610089890571771e-15 7.9633196746572349e-29 -1 2.300866510267731e-14 -1 0 3
1 30 -17.301455692610197 12.790864670155957 1 2.300866510267731e-14 3.4610089890571771e-15 -2.300866510267731e-14 1 0 -3.4610089890571771e-15 -7.9633196746572349e-29 1 
1 30 -16.525704956599643 8.078684234080356 -1.8716886046063324e-14 0.70710678118654746 0.70710678118654768 1.3822280194243478e-14 -0.70710678118654768 0.70710678118654746 1 2.3008665102677317e-14 3.4610089890571755e-15 
2 30.000000000000025 -18.647047042850001 14.44266700745 1 2.3008665102677304e-14 3.4610089890571747e-15 1.8716886046063321e-14 -0.70710678118654757 -0.70710678118654757 1.3822280194243468e-14 -0.70710678118654757 0.70710678118654757 3.0000000000000004
1 30.000000000000096 -21.647047042850001 14.44266700745 -2.3008665102677307e-14 1 1.1210387714598537e-44 -3.4610089890571771e-15 -7.9633196746572349e-29 1 1 2.3008665102677307e-14 3.4610089890571771e-15 
2 30.000000000000032 -19.147047042850001 16.003692626949999 1 2.300866510267731e-14 3.4610089890571771e-15 2.300866510267731e-14 -1 7.9633196746572349e-29 -3.4610089890571771e-15 0 1 2.5
1 30.000000000000021 -19.147047042850001 18.503692626949999 3.4610089890571767e-15 -1.1210387714598537e-44 -1 -2.300866510267731e-14 1 -7.9633196746572349e-29 1 2.300866510267731e-14 3.4610089890571767e-15 
1 29.999999999999858 -12.000001907350001 18.503692626949999 2.3008665686677129e-14 -0.99999999999998579 -1.6873696374902719e-07 3.4610051066448384e-15 1.6873696374902719e-07 -0.99999999999998579 1 2.3008665102677307e-14 3.4610089890571771e-15 
Triangulations 0

TShapes 44
Ve
0.002
29.9999999999999 -12 7.200004577637
0 0

0101100
*
Ed
 0.002 1 1 0
1  1 0 0 27.00000071526
0

0101000
+44 0 -44 1 *
Ve
0.002
30 -14.40438461304 7.20000457764
0 0

0101100
*
Ed
 0.002 1 1 0
1  2 0 0 27.00000071526
2  1 2 0 0 27.00000071526
4 G1 1 0 2 0
0

0101000
+42 0 -42 1 *
Ed
 0.002 1 1 0
2  2 3 0 0 2.40438461304
1  3 0 0 2.40438461304
0

0101000
+44 0 -42 0 *
Wi

0101000
+43 0 -41 0 -40 0 +40 1 *
Fa
0  0.002 1 0

0111000
+39 0 *
Ve
0.002
30 -16.5257049565996 8.07868423408036
0 0

0101100
*
Ed
 0.002 1 1 0
1  4 0 0 27.00000071526
2  3 2 0 0 27.00000071526
4 G1 2 0 4 0
0

0101000
+37 0 -37 1 *
Ed
 0.002 1 1 0
2  4 3 0 0 0.785398163397448
1  5 0 0 0.785398163397448
2  5 2 0 0 0.785398163397448
2  6 2 2 0 0.785398163397448
0

0101000
+42 0 -37 0 *
Wi

0101000
+41 0 -36 0 -35 0 +35 1 *
Fa
0  0.002 2 0

0111000
+34 0 *
Ve
0.002
30.0000000000001 -20.7683673864096 12.3213466638904
0 0

0101100
*
Ed
 0.002 1 1 0
1  6 0 0 27.00000071526
2  7 5 0 0 27.00000071526
4 G1 4 0 5 0
0

0101000
+32 0 -32 1 *
Ed
 0.002 1 1 0
2  8 3 0 0 6.00003074880809
1  7 0 0 6.00003074880809
0

0101000
+37 0 -32 0 *
Wi

0101000
+36 0 -31 0 -30 0 +30 1 *
Fa
0  0.002 4 0

0111000
+29 0 *
Ve
0.002
30.0000000000001 -21.64704704285 14.44266700745
0 0

0101100
*
Ed
 0.002 1 1 0
1  8 0 0 27.00000071526
2  9 5 0 0 27.00000071526
4 G1 5 0 6 0
0

0101000
+27 0 -27 1 *
Ed
 0.002 1 1 0
2  10 3 0 0 0.785398163397448
1  9 0 0 0.785398163397448
2  11 5 0 0 0.785398163397448
2  12 5 2 0 0.785398163397448
0

0101000
+32 0 -27 0 *
Wi

0101000
+31 0 -26 0 -25 0 +25 1 *
Fa
0  0.002 5 0

0111000
+24 0 *
Ve
0.002
30.0000000000001 -21.64704704285 16.00369262695
0 0

0101100
*
Ed
 0.002 1 1 0
1  10 0 0 27.00000071526
2  13 7 0 0 27.00000071526
4 G1 6 0 7 0
0

0101000
+22 0 -22 1 *
Ed
 0.002 1 1 0
2  14 3 0 0 1.5610256195
1  11 0 0 1.5610256195
0

0101000
+27 0 -22 0 *
Wi

0101000
+26 0 -21 0 -20 0 +20 1 *
Fa
0  0.002 6 0

0111000
+19 0 *
Ve
0.002
30 -19.14704704285 18.50369262695
0 0

0101100
*
Ed
 0.002 1 1 0
1  12 0 0 27.00000071526
2  15 7 0 0 27.00000071526
4 G1 7 0 8 0
0

0101000
+17 0 -17 1 *
Ed
 0.002 1 1 0
2  16 3 0 0 1.5707963267949
1  13 0 0 1.5707963267949
2  17 7 0 0 1.5707963267949
2  18 7 2 0 1.5707963267949
0

0101000
+22 0 -17 0 *
Wi

0101000
+21 0 -16 0 -15 0 +15 1 *
Fa
0  0.002 7 0

0111000
+14 0 *
Ve
0.002
29.9999999999999 -12.00000190735 18.50369262695
0 0

0101100
*
Ed
 0.002 1 1 0
1  14 0 0 27.00000071526
0

0101000
+12 0 -12 1 *
Ed
 0.002 1 1 0
2  19 3 0 0 7.1470451355
1  15 0 0 7.1470451355
0

0101000
+17 0 -12 0 *
Wi

0101000
+16 0 -11 0 -10 0 +10 1 *
Fa
0  0.002 8 0

0111000
+9 0 *
Ed
 0.002 1 1 0
2  20 3 0 0 11.3036880493132
1  16 0 0 11.3036880493132
0

0101000
+12 0 -44 0 *
Wi

0101000
+11 0 -43 0 -7 0 +7 1 *
Fa
0  0.002 9 0

0111000
+6 0 *
Wi

0101000
+40 0 +35 0 +30 0 +25 0 +20 0 +15 0 +10 0 +7 0 *
Fa
0  0.002 3 0

0111000
-4 0 *
Sh

0101000
-38 0 -33 0 -28 0 -23 0 -18 0 -13 0 -8 0 -5 0 +3 0 -3 1 
*
So

1100000
+2 0 *

+1 0 
0

