DBRep_DrawableShape

CASCADE Topology V1, (c) Matra-Datavision
Locations 12
1
              1               0              -0               0 
             -0               1               0               0 
              0               0               1 0.0499999970197678 
2  1 -1 0
1
0.342020148718266               0 0.939692618823163 0.0739227211737871 
              0               1              -0               0 
-0.939692618823163               0 0.342020148718266 0.205572581581562 
2  3 -1 1 -1 0
1
0.342020148718266               0 -0.939692618823163 0.167891977455099 
             -0               1               0               0 
0.939692618823163               0 0.342020148718266 -0.139774600375254 
2  5 -1 1 -1 0
1
0.939692624258977               0 -0.342020133783492 0.0281828114892378 
             -0               1               0               0 
0.342020133783492               0 0.939692624258977 -0.0598326771305212 
2  7 -1 1 -1 0
1
0.995004165278026               0 0.0998334166468282 -0.0042634437950774 
              0               1               0               0 
-0.0998334166468282               0 0.995004165278026 0.0148021873802919 
2  9 -1 1 -1 0
1
0.980066577841242               0 0.198669330795061 -0.00627059262152221 
              0               1               0               0 
-0.198669330795061               0 0.980066577841242 0.0375032330181749 
2  11 -1 1 -1 0
Curve2ds 42
2 0.111292764544487 0.0321973115205765 1 0 -0 1 0.0344740152359009
1 0 3.14159265358979 0 1 
1 1.22173047065735 3.14159265358979 0 1 
1 0 3.14159265358979 0 1 
1 1.22173047065735 3.14159265358979 0 1 
1 0 3.14159265358979 0 1 
1 0.349065840244293 3.14159265358979 0 1 
1 6.28318530717959 3.14159265358979 0 1 
1 0 3.14159265358979 0 1 
1 6.28318530717959 3.14159265358979 0 1 
1 0 3.14159265358979 0 1 
1 0.0768187493085861 0.0321973115205765 0 -1 
1 0 0 0 1 
1 1.22173047065735 0 0 1 
1 0 0 0 1 
1 1.22173047065735 0 0 1 
1 0 0 0 1 
1 0.349065840244293 0 0 1 
1 6.28318530717959 0 0 1 
1 0 0 0 1 
1 6.28318530717959 0 0 1 
1 0 0 0 1 
2 0.111292764544487 -0.0674454420804977 1 0 -0 1 0.0344740152359009
1 0 -3.14159265358979 0 1 
1 1.22173047065735 -3.14159265358979 0 1 
1 0 -3.14159265358979 0 1 
1 1.22173047065735 -3.14159265358979 0 1 
1 0 -3.14159265358979 0 1 
1 0.349065840244293 -3.14159265358979 0 1 
1 6.28318530717959 3.14159265358979 0 1 
1 0 3.14159265358979 0 1 
1 6.28318530717959 3.14159265358979 0 1 
1 0 3.14159265358979 0 1 
1 0.145766779780388 -0.0674454420804977 0 1 
1 0 0 0 1 
1 1.22173047065735 0 0 1 
1 0 0 0 1 
1 1.22173047065735 0 0 1 
1 0 0 0 1 
1 0.349065840244293 0 0 1 
1 6.28318530717959 0 0 1 
1 0 0 0 1 
Curves 4
2 0.111292764544487 0.0321973115205765 0 0 0 1 1 0 -0 -0 1 0 0.0344740152359009
1 0.0768187493085861 0.0321973115205765 0 0 -1 0 
2 0.111292764544487 -0.0674454420804977 0 0 0 1 1 0 -0 -0 1 0 0.0344740152359009
1 0.145766779780388 -0.0674454420804977 0 0 1 0 
Polygon3D 0
PolygonOnTriangulations 0
Surfaces 20
1 0 0 0 0 0 1 1 0 -0 -0 1 0 
5 0.183755397796631 0.0321973115205765 0.0499999970197678 0 -1 0 -1 0 0 0 0 1 0.0724626332521439 0.0344740152359009
5 0.183755397796631 0.0321973115205765 0.0499999970197678 0 -1 0 -1 0 0 -0 -0 -1 0.0724626332521439 0.0344740152359009
5 0.183755397796631 0.0321973115205765 0.0499999970197678 0 -1 0 -1 0 0 -0 -0 -1 0.0724626332521439 0.0344740152359009
5 0.145766779780388 0.0321973115205765 0.0499999970197678 -0 -1 -0 -0.995004165278026 0 0.0998334166468282 0.0998334166468282 -0 0.995004165278026 0.034474015235901 0.0344740152359009
5 0.183755397796631 0.0321973115205765 0.05 -0 -1 -0 -0.980066586012083 0 0.198669290487031 0.198669290487031 -0 0.980066586012083 0.0724626332521441 0.0344740152359009
2 0.183755397796631 0.0321973115205765 0.0499999970197678 0 -1 0 -1 0 0 0 0 1 0.106936648488045
2 0.183755397796631 0.0321973115205765 0.0499999970197678 0 -1 0 -1 0 0 -0 -0 -1 0.106936648488045
2 0.183755397796631 0.0321973115205765 0.0499999970197678 0 -1 0 -1 0 0 -0 -0 -1 0.106936648488045
2 0.145766779780388 0.0321973115205765 0.0499999970197678 -0 -1 -0 -0.995004165278026 0 0.0998334166468282 0.0998334166468282 -0 0.995004165278026 0.0689480304718019
2 0.183755397796631 0.0321973115205765 0.05 -0 -1 -0 -0.980066583377984 0 0.198669303481451 0.198669303481451 -0 0.980066583377984 0.106936648488045
5 0.183755397796631 -0.0674454420804977 0.0499999970197678 0 -1 0 -1 0 0 0 0 1 0.0724626332521439 0.0344740152359009
5 0.183755397796631 -0.0674454420804977 0.0499999970197678 0 -1 0 -1 0 0 -0 -0 -1 0.0724626332521439 0.0344740152359009
5 0.183755397796631 -0.0674454420804977 0.0499999970197678 0 -1 0 -1 0 0 -0 -0 -1 0.0724626332521439 0.0344740152359009
5 0.145766779780388 -0.0674454420804977 0.0499999970197678 -0 -1 -0 -0.995004165278026 0 0.0998334166468282 0.0998334166468282 -0 0.995004165278026 0.034474015235901 0.0344740152359009
5 0.183755397796631 -0.0674454420804977 0.05 -0 -1 -0 -0.980066586012083 0 0.198669290487031 0.198669290487031 -0 0.980066586012083 0.0724626332521441 0.0344740152359009
2 0.183755397796631 -0.0674454420804977 0.0499999970197678 0 1 0 -1 0 0 0 -0 1 0.037988618016243
2 0.183755397796631 -0.0674454420804977 0.0499999970197678 0 1 0 -1 0 0 -0 0 -1 0.037988618016243
2 0.183755397796631 -0.0674454420804977 0.0499999970197678 0 1 0 -1 0 0 -0 0 -1 0.037988618016243
2 0.183755397796631 -0.0674454420804977 0.05 0 1 0 -0.980066593426979 0 0.19866925390819 0.19866925390819 -0 0.980066593426979 0.0379886180162431
Triangulations 0

TShapes 9
Ve
1e-07
0.145766779780388 0.0321973115205765 0
0 0

0101101
*
Ve
1e-07
0.0768187493085861 0.0321973115205765 0
0 0

0101101
*
Ed
 1e-07 1 1 0
2  1 1 0 0 3.14159265358979
1  1 0 0 3.14159265358979
2  2 2 2 0 3.14159265358979
2  3 2 4 0 3.14159265358979
2  4 3 2 0 3.14159265358979
2  5 3 6 0 3.14159265358979
2  6 4 2 0 3.14159265358979
2  7 4 8 0 3.14159265358979
3  8 9CN 5 10 0 3.14159265358979
3  10 11CN 6 12 0 3.14159265358979
0

0101000
+9 0 -8 0 *
Ve
1e-07
0.0768187493085861 -0.0674454420804977 0
0 0

0101101
*
Ed
 1e-07 1 1 0
2  12 1 0 0 0.0996427536010742
1  2 0 0 0.0996427536010742
2  13 7 2 0 0.0996427536010742
2  14 7 4 0 0.0996427536010742
2  15 8 2 0 0.0996427536010742
2  16 8 6 0 0.0996427536010742
2  17 9 2 0 0.0996427536010742
2  18 9 8 0 0.0996427536010742
3  19 20CN 10 10 0 0.0996427536010742
3  21 22CN 11 12 0 0.0996427536010742
0

0101000
+8 0 -6 0 *
Ve
1e-07
0.145766779780388 -0.0674454420804977 0
0 0

0101101
*
Ed
 1e-07 1 1 0
2  23 1 0 3.14159265358979 6.28318530717959
1  3 0 3.14159265358979 6.28318530717959
2  24 12 2 3.14159265358979 6.28318530717959
2  25 12 4 3.14159265358979 6.28318530717959
2  26 13 2 3.14159265358979 6.28318530717959
2  27 13 6 3.14159265358979 6.28318530717959
2  28 14 2 3.14159265358979 6.28318530717959
2  29 14 8 3.14159265358979 6.28318530717959
3  30 31CN 15 10 3.14159265358979 6.28318530717959
3  32 33CN 16 12 3.14159265358979 6.28318530717959
0

0101000
+6 0 -4 0 *
Ed
 1e-07 1 1 0
2  34 1 0 0 0.0996427536010742
1  4 0 0 0.0996427536010742
2  35 17 2 0 0.0996427536010742
2  36 17 4 0 0.0996427536010742
2  37 18 2 0 0.0996427536010742
2  38 18 6 0 0.0996427536010742
2  39 19 2 0 0.0996427536010742
2  40 19 8 0 0.0996427536010742
3  41 42CN 20 12 0 0.0996427536010742
0

0101000
+4 0 -9 0 *
Wi

0101100
+7 0 +5 0 +3 0 +2 0 *

+1 1 