DBRep_DrawableShape

CASCADE Topology V1, (c) Matra-Datavision
Locations 0
Curve2ds 10
1 6.28318530717959 0 0 1 
1 0 0 0 1 
1 6.28318530717959 0 0 1 
1 0 0 0 1 
1 6.28318530717959 0 0 1 
1 0 0 0 1 
1 6.28318530717959 0 0 1 
1 0 0 0 1 
1 6.28318530717959 0 0 1 
1 0 0 0 1 
Curves 16
1 0.9282857666016 7.62939453125e-09 -0.2120889892578 -0.608797066521129 0 0.793325993394435 
1 0.9258505859375 7.62939453125e-09 -0.2089156951904 0.130467351302537 0 0.991452606151247 
1 0.9260350952148 7.62939453125e-09 -0.2075135650635 0.793325555867427 0 0.608797636663973 
1 0.9398411865234 7.62939453125e-09 -0.1969187774658 0.608786026911347 0 -0.793334465050836 
2 0.9405202636719 7.62939453125e-09 -0.1964921875 0 -1 0 -0.793328215365063 -0 -0.608794171051008 0.608794171051008 0 -0.793328215365063 0.0007984353303909
1 0.9411536865234 7.62939453125e-09 -0.1960061035156 -0.608813680570989 0 0.793313243523393 
1 0.9406209716797 7.62939453125e-09 -0.1953119506836 0.13055219700026 0 0.991441437432592 
1 0.9406578979492 7.62939453125e-09 -0.1950315246582 0.793324991287298 0 0.608798372368889 
1 1.026019897461 7.62939453125e-09 -0.1295246429443 0.991453928382404 0 -0.130457302958092 
1 1.026300415039 7.62939453125e-09 -0.1295615539551 0.608725870926114 0 -0.793380623701666 
2 1.027467773438 7.62939453125e-09 -0.129768661499 0 -1 0 -0.793369944260393 -0 -0.608739789683787 0.608739789683787 0 -0.793369944260393 0.0008000001311302
1 1.028101196289 7.62939453125e-09 -0.1292825775146 -0.608786028395847 0 0.793334463911666 
1 1.028055541992 7.62939453125e-09 -0.1292230834961 0.793325002715729 0 0.608798357476504 
1 1.037695678711 7.62939453125e-09 -0.1218252334595 0.9914508430535 0 -0.1304807488042 
1 1.03909777832 7.62939453125e-09 -0.1220097579956 0.608796145302019 0 -0.793326700335621 
1 1.041532958984 7.62939453125e-09 -0.1251830596924 -0.793325249658523 0 -0.608798035685269 
Polygon3D 0
PolygonOnTriangulations 0
Surfaces 5
3 0.928285770959239 7.62939453125e-09 -0.212088985913745 0.793325157378858 0 0.608798155934962 -0.608798155934962 0 0.793325157378858 0 -1 0 0.00399998751310208
0.785411217719458
2 0.929079088252457 7.62939453125e-09 -0.211480193792772 0.793325157378858 0 0.608798155934962 -0.608798155934962 0 0.793325157378858 0 -1 0 0.00500000370891749
3 0.944151998952321 7.62939453125e-09 -0.199913233948755 0.793325157378858 0 0.608798155934962 -0.608798155934962 0 0.793325157378858 0 -1 0 0.00579999666260153
0.785325640078086
2 0.944310677776311 7.62939453125e-09 -0.199791463733185 0.793325157378858 0 0.608798155934962 -0.608798155934962 0 0.793325157378858 0 -1 0 0.00599998503855795
3 1.02967269515961 7.62939453125e-09 -0.134284605307641 0.793325157378858 0 0.608798155934962 -0.608798155934962 0 0.793325157378858 0 -1 0 0.00600001439393082
-0.785374974110154
Triangulations 0

TShapes 41
Ve
1e-07
0.9282857666016 7.62939453125e-09 -0.2120889892578
0 0

0101101
*
Ve
1e-07
0.9258505859375 7.62939453125e-09 -0.2089156951904
0 0

0101101
*
Ed
 1e-07 1 1 0
1  1 0 0 0.00399998751310583
0

0101000
+41 0 -40 0 *
Ve
1e-07
0.9260350952148 7.62939453125e-09 -0.2075135650635
0 0

0101101
*
Ed
 1e-07 1 1 0
1  2 0 0 0.00141421800517822
3  1 2CN 1 0 0 0.00141421800517822
0

0101000
+40 0 -38 0 *
Ve
1e-07
0.9398411865234 7.62939453125e-09 -0.1969187774658
0 0

0101101
*
Ed
 1e-07 1 1 0
1  3 0 0 0.0174028067121881
3  3 4CN 2 0 0 0.0174028067121881
0

0101000
+38 0 -36 0 *
Ve
1e-07
0.9398868408203 7.62939453125e-09 -0.1969782714844
0 0

0101101
*
Ed
 1e-07 1 1 0
1  4 0 0 7.49923534409807e-05
0

0101000
+36 0 -34 0 *
Wi

0101000
+39 0 +37 0 +35 0 +33 0 *
Ve
1e-07
0.939886842396157 7.62939453125e-09 -0.196978270275103
0 0

0101101
*
Ve
1e-07
0.941153684947643 7.62939453125e-09 -0.196006104724897
0 0

0101101
*
Ed
 1e-07 1 1 0
1  5 0 0 3.14159265358979
0

0101000
+31 0 -30 0 *
Ve
1e-07
0.9411536865234 7.62939453125e-09 -0.1960061035156
0 0

0101101
*
Ve
1e-07
0.9406209716797 7.62939453125e-09 -0.1953119506836
0 0

0101101
*
Ed
 1e-07 1 1 0
1  6 0 0 0.000875004719342658
0

0101000
+28 0 -27 0 *
Ve
1e-07
0.9406578979492 7.62939453125e-09 -0.1950315246582
0 0

0101101
*
Ed
 1e-07 1 1 0
1  7 0 0 0.00028284678732631
3  5 6CN 3 0 0 0.00028284678732631
0

0101000
+27 0 -25 0 *
Ve
1e-07
1.026019897461 7.62939453125e-09 -0.1295246429443
0 0

0101101
*
Ed
 1e-07 1 1 0
1  8 0 0 0.107600290485349
3  7 8CN 4 0 0 0.107600290485349
0

0101000
+25 0 -23 0 *
Ve
1e-07
1.026300415039 7.62939453125e-09 -0.1295615539551
0 0

0101101
*
Ed
 1e-07 1 1 0
1  9 0 0 0.000282935565606914
3  9 10CN 5 0 0 0.000282935565606914
0

0101000
+23 0 -21 0 *
Ve
1e-07
1.026833007813 7.62939453125e-09 -0.1302557067871
0 0

0101101
*
Ed
 1e-07 1 1 0
1  10 0 0 0.000874930406998437
0

0101000
+21 0 -19 0 *
Wi

0101000
+26 0 +24 0 +22 0 +20 0 +18 0 *
Ve
1e-07
1.02683307737856 7.62939453125e-09 -0.130255653410571
0 0

0101101
*
Ve
1e-07
1.02810246949744 7.62939453125e-09 -0.129281669587429
0 0

0101101
*
Ed
 1e-07 1 1 0
1  11 0 0 3.14159265358979
0

0101000
+16 0 -15 0 *
Ve
1e-07
1.028101196289 7.62939453125e-09 -0.1292825775146
0 0

0101101
*
Ve
1e-07
1.028055541992 7.62939453125e-09 -0.1292230834961
0 0

0101101
*
Ed
 1e-07 1 1 0
1  12 0 0 7.49923534226098e-05
0

0101000
+13 0 -12 0 *
Ve
1e-07
1.037695678711 7.62939453125e-09 -0.1218252334595
0 0

0101101
*
Ed
 1e-07 1 1 0
1  13 0 0 0.0121515604399204
0

0101000
+12 0 -10 0 *
Ve
1e-07
1.03909777832 7.62939453125e-09 -0.1220097579956
0 0

0101101
*
Ed
 1e-07 1 1 0
1  14 0 0 0.00141418973903117
0

0101000
+10 0 -8 0 *
Ve
1e-07
1.041532958984 7.62939453125e-09 -0.1251830596924
0 0

0101101
*
Ed
 1e-07 1 1 0
1  15 0 0 0.00399999356564893
0

0101000
+8 0 -6 0 *
Ve
1e-07
0.9282857666016 7.62939453125e-09 -0.2120889892578
0 0

0101101
*
Ed
 1e-07 1 1 0
1  16 0 0 0.142750016378712
0

0101000
+6 0 -4 0 *
Wi

0101000
+11 0 +9 0 +7 0 +5 0 +3 0 *
Co

1100000
+32 0 +29 0 +17 0 +14 0 +2 0 *

+1 0 
0

