DBRep_DrawableShape

CASCADE Topology V1, (c) Matra-Datavision
Locations 2
1
              1               0               0               0 
              0               1               0               0 
              0               0               1             210 
2  1 -1 0
Curve2ds 24
8 -44.1166581309753 207.435422072728
1 17.1738014494133 -40.636683777364 0.389281558871187 -0.92111881314129 
8 -44.1166581309753 207.435422072728
1 209.483008387158 -40.636683777364 -0.389281558871187 -0.92111881314129 
8 -43.5474610024811 208.004619201222
1 206.780239594283 -40.112385593922 -0.389281558871187 -0.92111881314129 
8 -43.5474610024811 208.004619201222
1 16.9522235039281 -40.112385593922 0.389281558871187 -0.92111881314129 
8 -111.866231549106 111.866231549106
1 111.866231549106 0 1 0 
8 -111.866231549106 111.866231549106
1 -111.866231549106 0 1 -0 
8 -13.9416456301181 13.9416456301182
1 111.866231549106 -231.709353560458 1 0 
8 -13.9416456301181 13.9416456301182
1 -111.866231549106 97.9245859189876 1 -0 
8 -44.1166581309753 207.435422072728
1 209.483008387158 -40.636683777364 -0.389281558871187 -0.92111881314129 
8 -44.1166581309753 207.435422072728
1 17.1738014494133 -40.636683777364 0.389281558871187 -0.92111881314129 
8 0 226.656809836571
1 0 0 1 0 
8 0 226.656809836571
1 0 0 0 1 
8 97.9245859189875 128.732223917583
1 0 -231.709353560458 1 0 
8 97.9245859189875 128.732223917583
1 -97.9245859189876 0 0 1 
8 -43.5474610024811 208.004619201222
1 206.780239594283 -40.112385593922 -0.389281558871187 -0.92111881314129 
8 -43.5474610024811 208.004619201222
1 16.9522235039281 -40.112385593922 0.389281558871187 -0.92111881314129 
8 0 223.732463098211
1 0 0 1 -0 
8 0 223.732463098211
1 0 226.656809836571 -1 0 
8 97.9245859189876 125.807877179224
1 0 -231.709353560458 1 -0 
8 97.9245859189876 125.807877179224
1 0 128.732223917583 -1 0 
8 -113.328404918285 113.328404918285
1 113.328404918285 -6.00576559451647e-15 1 0 
8 -113.328404918285 113.328404918285
1 -223.732463098211 113.328404918285 0 -1 
8 -15.4038189992979 15.4038189992979
1 113.328404918285 -231.709353560458 1 0 
8 -15.4038189992979 15.4038189992979
1 -125.807877179224 113.328404918285 0 -1 
Curves 12
1 82.2430491205098 -80.4489778730983 36.8293444443097 -0.389281558871187 0.389281558871187 0.834817187080882 
1 82.464627065995 109.157460271772 36.3541688986057 -0.389281558871187 -0.389281558871187 0.834817187080882 
1 99.4168505699231 14.2434522265941 0 0 1 -0 
1 1.49226465093554 14.2434522265941 210 0 1 -0 
1 -110.066157817234 108.935882326286 36.8293444443097 0.389281558871187 -0.389281558871187 0.834817187080882 
1 99.4168505699231 126.1096837757 0 -1 -0 0 
1 99.4168505699231 28.1850978567122 210 -1 -0 0 
1 -110.28773576272 -80.6705558185836 36.3541688986057 0.389281558871187 0.389281558871187 0.834817187080882 
1 -127.239959266648 126.1096837757 0 0 -1 0 
1 -29.3153733476601 126.1096837757 210 0 -1 0 
1 -13.9115543483623 -97.6227793225116 0 1 -0 0 
1 -13.9115543483623 0.301806596475927 210 1 -0 0 
Polygon3D 0
PolygonOnTriangulations 0
Surfaces 5
1 99.4168505699231 -97.6227793225116 0 -0.906307823888546 0 -0.422618182711545 0 1 0 0.422618182711545 0 -0.906307823888546 
1 -127.239959266648 -97.6227793225116 0 0 0.906307823888546 -0.422618182711545 1 0 0 0 -0.422618182711545 -0.906307823888546 
1 99.4168505699231 126.1096837757 0 0 -0.906307823888546 -0.422618182711545 -1 0 0 -0 0.422618182711545 -0.906307823888546 
1 99.4168505699231 126.1096837757 0 0 0 1 -0 1 0 -1 -0 0 
1 -127.239959266648 126.1096837757 0 0.906307823888546 0 -0.422618182711545 0 -1 0 -0.422618182711545 0 -0.906307823888546 
Triangulations 0

TShapes 34
Ve
1e-07
99.4168505699231 -97.6227793225116 0
0 0

0101101
*
Ve
1e-07
1.49226465093557 0.301806596475927 210
0 0

0101101
*
Ed
 1e-07 1 1 0
1  1 0 -44.1166581309753 207.435422072728
2  1 1 0 -44.1166581309753 207.435422072728
2  2 2 0 -44.1166581309753 207.435422072728
0

0101000
+34 0 -33 0 *
Ve
1e-07
99.4168505699231 126.1096837757 0
0 0

0101101
*
Ve
1e-07
1.49226465093555 28.1850978567122 210
0 0

0101101
*
Ed
 1e-07 1 1 0
1  2 0 -43.5474610024811 208.004619201222
2  3 1 0 -43.5474610024811 208.004619201222
2  4 3 0 -43.5474610024811 208.004619201222
0

0101000
+31 0 -30 0 *
Ed
 1e-07 1 1 0
1  3 0 -111.866231549106 111.866231549106
2  5 1 0 -111.866231549106 111.866231549106
2  6 4 0 -111.866231549106 111.866231549106
0

0101000
+34 0 -31 0 *
Ed
 1e-07 1 1 0
1  4 2 -13.9416456301181 13.9416456301182
2  7 1 2 -13.9416456301181 13.9416456301182
2  8 4 0 -13.9416456301181 13.9416456301182
0

0101000
+33 2 -30 2 *
Wi

0101000
+32 0 -29 0 -28 0 +27 1 *
Fa
0  1e-07 1 0

0111000
+26 0 *
Ve
1e-07
-127.239959266648 126.1096837757 0
0 0

0101101
*
Ve
1e-07
-29.3153733476602 28.1850978567122 210
0 0

0101101
*
Ed
 1e-07 1 1 0
1  5 0 -44.1166581309753 207.435422072728
2  9 3 0 -44.1166581309753 207.435422072728
2  10 5 0 -44.1166581309753 207.435422072728
0

0101000
+24 0 -23 0 *
Ed
 1e-07 1 1 0
1  6 0 0 226.656809836571
2  11 3 0 0 226.656809836571
2  12 4 0 0 226.656809836571
0

0101000
+31 0 -24 0 *
Ed
 1e-07 1 1 0
1  7 2 97.9245859189875 128.732223917583
2  13 3 2 97.9245859189875 128.732223917583
2  14 4 0 97.9245859189875 128.732223917583
0

0101000
+30 2 -23 2 *
Wi

0101000
+29 0 -22 0 -21 0 +20 1 *
Fa
0  1e-07 3 0

0111000
+19 0 *
Ve
1e-07
-127.239959266648 -97.6227793225116 0
0 0

0101101
*
Ve
1e-07
-29.3153733476602 0.301806596475899 210
0 0

0101101
*
Ed
 1e-07 1 1 0
1  8 0 -43.5474610024811 208.004619201222
2  15 5 0 -43.5474610024811 208.004619201222
2  16 2 0 -43.5474610024811 208.004619201222
0

0101000
+17 0 -16 0 *
Ed
 1e-07 1 1 0
1  9 0 0 223.732463098211
2  17 5 0 0 223.732463098211
2  18 4 0 0 223.732463098211
0

0101000
+24 0 -17 0 *
Ed
 1e-07 1 1 0
1  10 2 97.9245859189876 125.807877179224
2  19 5 2 97.9245859189876 125.807877179224
2  20 4 0 97.9245859189876 125.807877179224
0

0101000
+23 2 -16 2 *
Wi

0101000
+22 0 -15 0 -14 0 +13 1 *
Fa
0  1e-07 5 0

0111000
+12 0 *
Ed
 1e-07 1 1 0
1  11 0 -113.328404918285 113.328404918285
2  21 2 0 -113.328404918285 113.328404918285
2  22 4 0 -113.328404918285 113.328404918285
0

0101000
+17 0 -34 0 *
Ed
 1e-07 1 1 0
1  12 2 -15.4038189992979 15.4038189992979
2  23 2 2 -15.4038189992979 15.4038189992979
2  24 4 0 -15.4038189992979 15.4038189992979
0

0101000
+16 2 -33 2 *
Wi

0101000
+15 0 -32 0 -10 0 +9 1 *
Fa
0  1e-07 2 0

0111000
+8 0 *
Wi

0101100
+28 0 +21 0 +14 0 +10 0 *
Fa
0  1e-07 4 0

0111000
+6 0 *
Wi

0101100
+27 0 +20 0 +13 0 +9 0 *
Fa
0  1e-07 4 0

0111000
+4 0 *
Sh

0101000
+25 0 +18 0 +11 0 +7 0 +5 0 -3 1 *
So

1100000
-2 0 *

+1 0 