DBRep_DrawableShape

CASCADE Topology V1, (c) Matra-Datavision
Locations 35
1
              1               0               0               1 
              0               1               0               0 
              0               0               1               1 
2  1 -1 0
1
              1               0               0             0.1 
              0               1               0               0 
              0               0               1              -4 
2  3 -1 0
1
0.707106781186548 -0.707106781186547               0               0 
0.707106781186547 0.707106781186548               0               0 
              0               0               1               0 
2  5 -1 3 -1 0
1
-0.258819045102521 -0.965925826289068               0               0 
0.965925826289068 -0.258819045102521               0               0 
              0               0               1               0 
2  7 -1 3 -1 0
1
-0.258819045102521 -0.965925826289068               0               0 
0.965925826289068 -0.258819045102521               0               0 
              0               0               1               0 
2  9 -1 3 -1 0
1
-0.258819045102521               0 0.965925826289068               0 
              0               1               0               0 
-0.965925826289068               0 -0.258819045102521               0 
2  11 -1 0
1
              1               0               0               0 
              0               1               0               1 
              0               0               1               1 
2  13 -1 0
1
              1               0               0               0 
              0 0.707106781186548 -0.707106781186547               0 
              0 0.707106781186547 0.707106781186548               0 
2  15 -1 13 -1 0
1
0.333333333333333 -0.244016935856292 0.910683602522959               0 
0.910683602522959 0.333333333333333 -0.244016935856292               0 
-0.244016935856292 0.910683602522959 0.333333333333333               0 
2  17 -1 0
1
              1               0               0               0 
              0               1               0               1 
              0               0               1               1 
2  19 -1 0
1
0.707106781186548               0 0.707106781186547               0 
              0               1               0               0 
-0.707106781186547               0 0.707106781186548               0 
2  21 -1 19 -1 0
1
              1               0               0            0.03 
              0               1               0             0.5 
              0               0               1             0.3 
1
              1               0               0             0.3 
              0               1               0               0 
              0               0               1               0 
2  13 1 23 1 24 1 0
1
              0 -0.707106781186548 0.707106781186548               0 
0.707106781186548             0.5             0.5               0 
-0.707106781186548             0.5             0.5               0 
2  26 -1 0
1
1.11022302462516e-16               0               1               0 
              0               1               0               0 
             -1               0 1.11022302462516e-16               0 
2  28 -1 0
1
              1               0               0               0 
              0 -0.258819045102521 -0.965925826289068               0 
              0 0.965925826289068 -0.258819045102521               0 
2  30 -1 0
1
              1               0               0               0 
              0 -0.258819045102521 -0.965925826289068               0 
              0 0.965925826289068 -0.258819045102521               0 
2  32 -1 0
1
0.37059047744874 0.62940952255126 0.683012701892219               0 
0.62940952255126 0.37059047744874 -0.683012701892219               0 
-0.683012701892219 0.683012701892219 -0.258819045102521               0 
2  34 -1 0
Curve2ds 117
1 0 0 0 1 
1 0 0 1 0 
1 0 0 -1 0 
1 0 0 0 1 
1 0 0 -1 0 
1 0 0 1 0 
1 0 10 1 0 
1 0 0 0 1 
1 0.78539816339744828 0 0 1 
1 0 0 0 1 
1 1.8325957145940461 0 0 1 
1 0 0 0 1 
1 1.8325957145940461 0 0 1 
1 10 0 0 -1 
1 -2.5881904510252074 9.6592582628906829 0.96592582628906831 0.25881904510252074 
1 -1.4142135623730951 0 -0.70710678118654757 0.70710678118654757 
1 -1 0.99999999999999989 -1.1102230246251565e-16 1 
1 0 0 0 1 
1 10 0 0 1 
1 0 0 1 0 
1 10 0 0 1 
1 -2.5881904510252074 9.6592582628906829 -0.96592582628906831 -0.25881904510252074 
1 0 0 0 1 
1 0 0 0 1 
1 1.5707963267948966 0 0 1 
1 0 0 1 0 
1 0 0 1 0 
1 0 0 -1 0 
1 0 0 -1 0 
1 0 0 -1 0 
1 -1 0 -1 0 
1 -0.70710678118654757 0.70710678118654746 -0.70710678118654757 0.70710678118654746 
1 0 0 0 1 
1 10 0 0 -1 
1 10 0 0 1 
1 10.1 0 0 1 
1 7.1417784899841301 7.1417784899841292 -0.70710678118654746 0.70710678118654757 
1 10.1 0 0 1 
1 -2.6140723555354595 9.7558508455195891 -0.96592582628906831 -0.25881904510252074 
1 10.1 0 0 1 
1 -2.6140723555354595 9.7558508455195891 -0.96592582628906831 -0.25881904510252074 
1 -11.045361017187261 0 -0.090535746042518531 -0.99589320646770385 
1 -7.8102496759066549 7.810249675906654 -0.76822127959737574 -0.64018439966447993 
1 0 0 0 1 
1 0 -10 1 0 
1 0 10 1 0 
1 0 0 0 1 
1 0.78539816339744828 0 0 1 
1 0 0 0 1 
1 1.8325957145940461 0 0 1 
1 0 0 0 1 
1 1.8325957145940461 0 0 1 
1 0 0 -1 0 
1 -11.045361017187261 0 -0.090535746042518531 0.99589320646770385 
1 -7.8102496759066549 7.8102496759066531 0.64018439966447982 0.76822127959737585 
1 0 0 0 1 
1 1.5707963267948966 0 0 1 
1 0 0 0 -1 
1 10 0 0 1 
1 10.1 0 0 1 
1 7.1417784899841301 7.1417784899841292 -0.70710678118654746 0.70710678118654757 
1 10.1 0 0 1 
1 -2.6140723555354595 9.7558508455195891 -0.96592582628906831 -0.25881904510252074 
1 10.1 0 0 1 
1 -2.6140723555354595 9.7558508455195891 -0.96592582628906831 -0.25881904510252074 
1 -1.4142135623730951 0 -0.70710678118654757 -0.70710678118654757 
1 -1 0.99999999999999989 -1 -1.1102230246251565e-16 
1 0 0 0 1 
1 1.5707963267948966 0 0 1 
1 10 0 0 -1 
1 0 0 0 1 
1 10 0 0 -1 
1 -2.5881904510252074 9.6592582628906829 0.96592582628906831 0.25881904510252074 
1 10 0 0 -1 
1 -2.5881904510252074 9.6592582628906829 0.96592582628906831 0.25881904510252074 
1 0 0 0 1 
1 0.78539816339744828 0 0 1 
1 0 0 0 1 
1 1.5707963267948966 0 0 1 
1 0 -10 1 0 
1 0 0 1 0 
1 10 0 0 1 
1 -2.5881904510252074 9.6592582628906829 -0.96592582628906831 -0.25881904510252074 
1 10 0 0 1 
1 -2.5881904510252074 9.6592582628906829 -0.96592582628906831 -0.25881904510252074 
1 7.0710678118654746 0 0 1 
1 -1.8301270189221941 6.8301270189221945 -0.96592582628906831 -0.25881904510252096 
1 -1 0 -1 0 
1 -0.70710678118654757 0.70710678118654746 -0.70710678118654757 0.70710678118654746 
1 0 0 0 1 
1 0 0 0 -1 
1 0 0 0 1 
1 0 0 -1 0 
1 0 0 -1 0 
1 0 0 0 1 
1 0.78539816339744828 0 0 1 
1 0 0 0 1 
1 0 10 1 0 
1 0 0 0 1 
1 7.0710678118654746 0 0 -1 
1 0 7.0710678118654755 1 0 
1 0 0 -1 0 
1 0 0 0 1 
1 10 0 0 1 
1 1.5707963267948966 0 0 1 
2 0 0 0.57735026918962573 -0.81649658092772603 0.81649658092772603 0.57735026918962573 12.24744871391589
1 0 0 1 0 
2 0 0 1 0 -0 1 7.0710678118654755
1 0 1.2560739669470199e-15 1 0 
1 0 10 1 0 
2 0 0 -1 0 0 1 10
1 0 10 1 0 
1 0 0 0 1 
1 1.8325957145940461 0 0 1 
1 0 0 -1 0 
1 0 0 0 1 
1 0 10 1 0 
Curves 17
1 0 0 0 1 0 -0 
1 10 0 0 0 0 1 
1 0 0 10 1 0 -0 
1 0 0 0 0 0 1 
1 10 0 10 0 1 0 
1 10 10 0 0 0 1 
1 10 0 0 -0 1 0 
1 0 0 10 -0 1 0 
1 0 10 0 0 0 1 
1 0 0 0 -0 1 0 
1 0 10 0 1 0 -0 
1 0 10 10 0 0.70710678118654757 -0.70710678118654757 
1 -7.0710678118654755 5 5 0.70710678118654757 0.5 0.5 
2 0 4.9999999999999991 4.9999999999999991 0 0.70710678118654746 0.70710678118654746 0.81649658092772603 0.40824829046386302 -0.40824829046386302 -0.57735026918962573 0.57735026918962573 -0.57735026918962573 12.24744871391589
2 0 4.9999999999999991 4.9999999999999991 0 0.70710678118654746 0.70710678118654746 0 0.70710678118654746 -0.70710678118654746 -1 0 0 7.0710678118654755
2 0 9.9999999999999982 9.9999999999999982 0 0.70710678118654746 0.70710678118654746 1 0 -0 -0 0.70710678118654757 -0.70710678118654757 10
1 0 10 10 1 0 -0 
Polygon3D 0
PolygonOnTriangulations 0
Surfaces 64
1 0 0 0 -0 1 0 0 0 1 1 0 -0 
1 0 0 0 0 0 1 1 0 -0 -0 1 0 
1 0 0 0 0 1 0 -1 0 -0 0 0 -1 
3 0.99999999999999978 0 0.99999999999999978 0.70710678118654746 0 0.70710678118654746 0.70710678118654757 0 -0.70710678118654757 -0 1 0 3.1401849173675503e-16
0.78539816339744839
1 0 0 0 0 1 0 -1 0 -0 0 0 -1 
1 10 0 0 1 0 -0 0 0 1 0 -1 0 
2 0 0 -4 0 0 1 1 0 -0 -0 1 0 10.1
2 0 0 -4 0 0 1 1 0 -0 -0 1 0 10.1
2 0 0 -4 0 0 1 1 0 -0 -0 1 0 10.1
1 0 0 0 0 1 0 1 0 0 0 0 -1 
1 0 0 0 0 1 0 0.96592582628906831 0 -0.25881904510252074 -0.25881904510252074 0 -0.96592582628906831 
1 10 0 0 1 0 0 0 -0.70710678118654757 -0.70710678118654757 0 -0.70710678118654757 0.70710678118654757 
3 5.9999999999999991 0 5.9999999999999991 0.70710678118654746 0 0.70710678118654746 0.70710678118654746 0 -0.70710678118654746 -0 1 0 7.0710678118654755
-0.78539816339744839
1 0 0 10 0 0 1 1 0 -0 -0 1 0 
1 0 0 0 0 1 0 0 -0 1 1 0 -0 
3 5.9999999999999991 0 5.9999999999999991 0.70710678118654746 0 0.70710678118654746 -0.70710678118654746 0 0.70710678118654746 0 -1 0 7.0710678118654755
-0.78539816339744839
7 0 0 0 0.57735026918962584 0.57735026918962584 0.57735026918962584 
1 0 0 10 1 0 -0 
1 9.1068360252295921 -2.4401693585629247 3.3333333333333326 0.91068360252295921 -0.24401693585629247 0.33333333333333326 0.33333333333333326 0.91068360252295921 -0.24401693585629247 -0.24401693585629247 0.33333333333333326 0.91068360252295921 
1 0 0 0 1 0 -0 0 0 1 0 -1 0 
1 0 0 0 1 0 0 0 -0 -1 0 -1 0 
1 0 0 0 1 0 0 0 -0 -1 0 -1 0 
1 0 0 0 0 1 0 -0 0 -1 1 0 -0 
1 0 1 0 0 1 0 -0 0 -1 1 0 -0 
3 0.99999999999999978 0 0.99999999999999978 0.70710678118654746 0 0.70710678118654746 -0.70710678118654757 0 0.70710678118654757 0 -1 0 3.1401849173675503e-16
0.78539816339744839
1 0 0 6 0 0 1 1 0 -0 -0 1 0 
1 0 0 6 0 0 1 1 0 -0 -0 1 0 
1 0 0 6 0 0 1 1 0 -0 -0 1 0 
1 10 0 0 1 0 0 0 -0.090535746042518531 -0.99589320646770385 0 -0.99589320646770385 0.090535746042518531 
3 6.6666666666666679 6.6666666666666679 6.6666666666666679 0.57735026918962584 0.57735026918962584 0.57735026918962584 0.40824829046386307 -0.81649658092772615 0.40824829046386307 0.70710678118654757 0 -0.70710678118654757 8.164965809277259
-0.95531661812450919
1 0 10 0 -0 1 0 0 0 1 1 0 -0 
2 0 0 -4 0 0 1 0.71061593089204134 0.70358012959608063 -0 -0.70358012959608063 0.71061593089204134 0 14.213022197970425
2 0 0 -4 0 0 1 0.71061593089204134 0.70358012959608063 -0 -0.70358012959608063 0.71061593089204134 0 14.213022197970425
2 0 0 -4 0 0 1 0.71061593089204134 0.70358012959608063 -0 -0.70358012959608063 0.71061593089204134 0 14.213022197970425
1 9.9999999999999982 9.9999999999999982 0 0.70710678118654746 0.70710678118654746 0 0 -0 -1 0.70710678118654757 -0.70710678118654757 0 
1 10 0 0 1 0 0 0 -0.99589320646770385 -0.090535746042518531 0 -0.090535746042518531 0.99589320646770385 
7 0 0 0 0 0.70710678118654746 0.70710678118654746 
1 10 10 0 0 0 1 
1 -7.0710678118654755 5 5 -0.70710678118654757 0.5 0.5 0.70710678118654757 0.5 0.5 0 0.70710678118654757 -0.70710678118654757 
1 0 0 -4 0 0 1 1 0 -0 -0 1 0 
1 0 0 -4 0 0 1 1 0 -0 -0 1 0 
1 0 0 -4 0 0 1 1 0 -0 -0 1 0 
1 10 0 0 1 0 0 0 -0.70710678118654757 -0.70710678118654757 0 -0.70710678118654757 0.70710678118654757 
2 0 0 0 0 1 0 1 0 0 0 0 -1 10
1 0 0 0 1 0 1.1102230246251565e-16 1.1102230246251565e-16 0 -1 0 1 0 
1 0 0 0 1 0 0 0 0 1 0 -1 0 
1 0 0 0 1 0 0 0 -0.96592582628906831 -0.25881904510252074 0 0.25881904510252074 -0.96592582628906831 
1 0 0 0 1 0 0 0 0 1 0 -1 0 
1 0 0 0 1 0 0 0 -0.96592582628906831 -0.25881904510252074 0 0.25881904510252074 -0.96592582628906831 
2 0 1 0 0 1 0 0 -0 1 1 0 -0 11
7 0 0 0 0.57735026918962584 0.57735026918962584 0.57735026918962584 
1 0 0 10 -0 1 0 
1 0 0 0 1 0 0 -0 1 0 0 -0 1 
1 0 0 0 1 0 0 -0 1 0 0 -0 1 
1 4.9999999999999991 4.9999999999999991 0 0.70710678118654746 0.70710678118654746 0 -0.70710678118654746 0.70710678118654746 0 0 -0 1 
1 6.2940952255126046 3.7059047744873954 6.8301270189221945 0.62940952255126048 0.37059047744873952 0.68301270189221941 0.68301270189221941 -0.68301270189221941 -0.25881904510252096 0.37059047744873952 0.62940952255126048 -0.68301270189221941 
1 0 11 0 0 1 0 -0 0 -1 1 0 -0 
3 0 4.9999999999999991 4.9999999999999991 0 0.70710678118654746 0.70710678118654746 0 0.70710678118654746 -0.70710678118654746 -1 0 0 7.0710678118654755
-0.78539816339744839
1 0 0 0 1 0 0 0 -1 -0 0 -0 1 
1 0 0 0 1 0 0 0 -1 -0 0 -0 1 
2 0 1 0 0 1 0 0 -0 1 1 0 -0 1
3 4.9999999999999991 4.9999999999999991 0 0.70710678118654746 0.70710678118654746 0 -0.70710678118654746 0.70710678118654746 0 0 -0 1 7.0710678118654755
-0.78539816339744839
1 0 4.9999999999999991 4.9999999999999991 0 0.70710678118654746 0.70710678118654746 0 0.70710678118654746 -0.70710678118654746 -1 0 0 
1 0 10 0 0 1 0 -1 0 -0 0 0 -1 
1 0 9.9999999999999982 9.9999999999999982 0 0.70710678118654746 0.70710678118654746 -1 0 -0 0 0.70710678118654757 -0.70710678118654757 
7 0 0 0 0.70710678118654746 0.70710678118654746 0 
1 0 10 10 1 0 -0 
3 6.6666666666666679 6.6666666666666679 6.6666666666666679 0.57735026918962584 0.57735026918962584 0.57735026918962584 -0.81649658092772615 0.40824829046386307 0.40824829046386307 0 -0.70710678118654757 0.70710678118654757 8.164965809277259
-0.95531661812450919
Triangulations 0

TShapes 50
Ve
0.01
10 0 0
0 0

0101101
*
Ve
0.01
0 0 0
0 0

0101101
*
Ed
 0.01 1 1 0
1  1 0 0 10
2  1 1 0 0 10
2  2 2 0 0 10
2  3 3 0 0 10
2  4 4 2 0 10
2  5 5 0 0 10
0

0101000
-50 0 +49 0 *
Ve
0.01
10 0 10
0 0

0101101
*
Ed
 0.01 1 1 0
1  2 0 0 10
2  6 6 0 0 10
2  7 1 0 0 10
2  8 7 4 0 10
2  9 7 6 0 10
2  10 8 4 0 10
2  11 8 8 0 10
2  12 9 4 0 10
2  13 9 10 0 10
2  14 10 0 0 10
2  15 10 12 0 10
2  7 11 12 0 10
2  16 12 14 0 10
2  17 12 16 0 10
2  18 13 2 0 10
0

0101000
-47 0 +50 0 *
Ve
0.01
0 0 10
0 0

0101101
*
Ed
 0.01 1 1 0
1  3 0 0 10
2  19 1 0 0 10
2  20 14 0 0 10
2  21 15 0 0 10
2  22 15 12 0 10
2  19 11 12 0 10
2  23 16 2 0 10
2  24 17 0 0 10
2  25 17 18 0 10
2  20 18 18 0 10
0

0101000
-47 0 +45 0 *
Ed
 0.01 1 1 0
1  4 0 0 10
2  26 19 0 0 10
2  27 1 0 0 10
2  28 20 0 0 10
2  29 21 0 0 10
2  30 22 0 0 10
2  31 23 20 0 10
2  32 23 22 0 10
2  33 24 2 0 10
0

0101000
-45 0 +49 0 *
Wi

0101000
-48 0 -46 0 +44 0 +43 0 *
Fa
0  0.01 1 0

0111000
+42 0 *
Ve
0.01
10 10 10
0 0

0101101
*
Ed
 0.01 1 1 0
1  5 0 0 10
2  34 6 0 0 10
2  35 14 0 0 10
2  36 25 4 0 10
2  37 25 6 0 10
2  38 26 4 0 10
2  39 26 8 0 10
2  40 27 4 0 10
2  41 27 10 0 10
2  42 28 14 0 10
2  43 28 16 0 10
2  44 29 0 0 10
0

0101000
-40 0 +47 0 *
Ve
0.01
10 10 0
0 0

0101101
*
Ed
 0.01 1 1 0
1  6 0 0 10
2  45 6 0 0 10
2  46 30 0 0 10
2  47 31 4 0 10
2  48 31 6 0 10
2  49 32 4 0 10
2  50 32 8 0 10
2  51 33 4 0 10
2  52 33 10 0 10
2  53 34 0 0 10
2  54 35 14 0 10
2  55 35 16 0 10
2  56 36 0 0 10
2  57 36 27 0 10
2  46 37 27 0 10
0

0101000
-40 0 +38 0 *
Ed
 0.01 1 1 0
1  7 0 0 10
2  58 6 0 0 10
2  59 2 0 0 10
2  60 38 4 0 10
2  61 38 6 0 10
2  62 39 4 0 10
2  63 39 8 0 10
2  64 40 4 0 10
2  65 40 10 0 10
2  66 41 14 0 10
2  67 41 16 0 10
2  68 42 0 0 10
2  69 42 29 0 10
2  59 43 29 0 10
0

0101000
-38 0 +50 0 *
Wi

0101000
-46 0 -39 0 +37 0 +36 0 *
Fa
0  0.01 6 0

0111000
+35 0 *
Ve
0.01
0 10 10
0 0

0101101
*
Ed
 0.01 1 1 0
1  8 0 0 10
2  70 19 0 0 10
2  71 14 0 0 10
2  72 44 0 0 10
2  73 44 31 0 10
2  70 45 31 0 10
2  74 46 0 0 10
2  75 46 33 0 10
2  70 47 33 0 10
2  76 48 20 0 10
2  77 48 22 0 10
2  78 49 0 0 10
2  79 49 18 0 10
2  71 18 18 0 10
0

0101000
-33 0 +45 0 *
Ve
0.01
0 10 0
0 0

0101101
*
Ed
 0.01 1 1 0
1  9 0 0 10
2  80 19 0 0 10
2  81 30 0 0 10
2  82 50 0 0 10
2  83 50 31 0 10
2  80 45 31 0 10
2  84 51 0 0 10
2  85 51 33 0 10
2  80 47 33 0 10
2  86 52 0 0 10
2  87 52 35 0 10
2  81 53 35 0 10
2  88 54 20 0 10
2  89 54 22 0 10
2  90 55 0 0 10
0

0101000
-33 0 +31 0 *
Ed
 0.01 1 1 0
1  10 0 0 10
2  91 19 0 0 10
2  92 2 0 0 10
2  93 56 0 0 10
2  94 57 0 0 10
2  95 58 20 0 10
2  96 58 22 0 10
2  92 43 0 0 10
0

0101000
-31 0 +49 0 *
Wi

0101000
-43 0 -32 0 +30 0 +29 0 *
Fa
0  0.01 19 0

0111000
+28 0 *
Ed
 0.01 1 1 0
1  11 0 0 10
2  97 30 0 0 10
2  98 2 0 0 10
2  99 59 0 0 10
2  100 60 0 0 10
2  101 60 27 0 10
2  97 37 27 0 10
2  102 61 0 0 10
0

0101000
-38 0 +31 0 *
Ed
 0.01 1 1 0
1  12 0 0 10
2  103 62 0 0 10
2  104 37 0 0 10
0

0101000
-40 26 +33 0 *
Ed
 0.01 1 1 0
1  13 0 0 10
2  105 55 0 0 10
2  81 37 0 0 10
0

0101000
-33 0 +31 26 *
Wi

0101000
-26 26 -37 26 +25 0 +24 0 *
Fa
0  0.01 37 0

0101000
+23 0 *
Ed
 0.01 1 1 0
1  14 0 0 1.5707963267949
2  106 60 0 0 1.5707963267949
2  107 36 0 0 1.5707963267949
0

0101100
+38 0 -38 26 *
Ed
 0.01 1 1 0
1  15 0 0 1.5707963267949
2  108 60 0 0 1.5707963267949
2  109 55 0 0 1.5707963267949
0

0101100
+31 0 -31 26 *
Wi

0101000
-21 0 +20 0 -26 0 +26 26 *
Fa
0  0.01 60 0

0101000
+19 0 *
Ed
 0.01 1 1 0
1  16 0 0 1.5707963267949
2  110 36 0 0 1.5707963267949
2  111 62 0 0 1.5707963267949
0

0101100
+40 0 -40 26 *
Wi

0101000
-17 0 +21 0 -37 0 +37 26 *
Fa
0  0.01 36 0

0101000
+16 0 *
Wi

0101000
-29 0 -26 0 +36 0 +48 0 *
Fa
0  0.01 2 0

0111000
+14 0 *
Ed
 0.01 1 1 0
1  17 0 0 10
2  104 30 0 0 10
2  112 14 0 0 10
2  113 63 0 0 10
2  114 63 35 0 10
2  104 53 35 0 10
2  115 62 0 0 10
2  116 64 0 0 10
0

0101000
-40 0 +33 0 *
Wi

0101000
-26 0 -37 0 +12 0 +30 0 *
Fa
0  0.01 30 0

0111000
+11 0 *
Wi

0101000
-32 0 -12 0 +39 0 +44 0 *
Fa
0  0.01 14 0

0111000
+9 0 *
Ed
 0.01 1 1 1
2  117 55 0 0 1.5707963267949
0

0101100
+33 0 -33 0 *
Wi

0101000
-7 0 +20 0 -30 0 +24 0 *
Fa
0  0.01 55 0

0101000
+6 0 *
Wi

0101000
-17 0 -12 0 +25 0 *
Fa
0  0.01 62 0

0101000
+4 0 *
Sh

0101000
+22 0 +18 0 +15 0 +13 0 -10 0 -8 0 -5 0 -3 0 *
Co

1100000
-41 1 +34 25 -27 19 +2 0 *

+1 0 
0

