DBRep_DrawableShape

CASCADE Topology V1, (c) Matra-Datavision
Locations 15
1
0.875595017799836 -0.381752634837842 0.295970083958616               0 
0.420031090899431 0.904303859846028 -0.0762129368638288               0 
-0.238552399866233 0.191048305048596 0.952151929923014               0 
1
0.985892913511336 -0.137057961859023 0.0960743367355702               0 
0.141398603855535 0.98914839500872 -0.0398984646243251               0 
-0.0895633737408022 0.0529203906138611 0.99457419750436               0 
1
0.389018704516693 -0.659433128159501 0.643282517267436               0 
0.847427372923595 0.530014388089763 0.0308479502989592               0 
-0.361291150121294 0.533134783993325 0.765007194044882               0 
2  1 1 2 1 3 1 0
1
0.875595017799836 -0.381752634837842 0.295970083958616 0.124404982200164 
0.420031090899431 0.904303859846028 -0.0762129368638288 -0.420031090899431 
-0.238552399866233 0.191048305048596 0.952151929923014 0.238552399866233 
2  1 1 2 1 3 1 5 1 0
2  3 -1 2 -1 1 -1 0
2  5 -1 3 -1 2 -1 1 -1 0
1
0.796727139103374 -0.485403932128227 0.360012344914182 0.735210169903922 
0.562110672089218 0.813986155594597 -0.146485940703317 -1.35383223115893 
-0.221940212984398 0.319076105615547 0.921375591539984 0.425368941797664 
2  9 -1 0
1
              1               0               0               1 
              0               1               0               1 
              0               0               1               1 
2  9 1 11 1 9 -1 0
2  9 1 11 -1 9 -1 0
2  11 -1 9 -1 0
2  11 -1 0
Curve2ds 50
1 0 10 1 0 
1 0 0 1 0 
1 0 0 1 0 
1 0 0 1 0 
1 0 0 1 0 
1 0 0 1 0 
1 0 0 0 1 
1 0.52359877559829882 0 0 1 
1 0 0 0 1 
1 0.69813170079773179 0 0 1 
1 10 0 0 -1 
1 0 0 0 1 
1 0 0 0 1 
1 0.52359877559829882 0 0 1 
1 0 -10 1 0 
1 0 0 1 0 
1 0 0 0 1 
1 0.52359877559829882 0 0 1 
1 0 0 0 -1 
1 0 0 0 1 
1 0 0 0 1 
1 0.52359877559829882 0 0 1 
1 0 10 1 0 
1 0 10 1 0 
1 0 0 1 0 
1 0 10 1 0 
1 0 10 1 0 
1 0 10 1 0 
1 0 10 1 0 
1 0 0 1 0 
1 0 0 1 0 
1 0 10 1 0 
1 0 0 0 1 
1 0.69813170079773179 0 0 1 
1 0 0 0 1 
1 0 0 1 0 
1 0 0 0 1 
1 0.69813170079773179 0 0 1 
1 10 0 0 1 
1 0 0 1 0 
1 0 0 0 1 
1 0.69813170079773179 0 0 1 
1 0 0 1 0 
1 0 0 1 0 
1 0 10 1 0 
7 0 0  8 9 2  0 0  0.08726646259971664 0  0.29748209813969717 0  -0.04117303372857975 0  0.91792104589496781 0  -0.058018491941912401 0  0.85778630144356471 0  0.61086523819801664 0  0.6981317007977319 0 
 0 9 0.69813170079773179 9
1 0 0 1 0 
1 0 0 1 0 
1 0 0 1 0 
1 0 0 1 0 
Curves 15
2 3.0714285714285716 4.1428571428571432 6.2142857142857153 0.2672612419124244 0.53452248382484879 0.80178372573727319 0.96291376157144315 -0.18008293245847384 -0.20091596555149846 0.036993463581594166 0.82574563378977139 -0.56282824372037898 5.013114785711271
2 0.9285714285714286 -0.14285714285714288 -0.2142857142857143 0.2672612419124244 0.53452248382484879 0.80178372573727319 -0.96362411165943151 0.14824986333222023 0.22237479499833035 0 -0.83205029433784372 0.55470019622522904 0.96362411165943151
1 0 0 0 0 0 1 
1 0 0 10 -0 1 0 
1 0 10 0 0 0 1 
1 0 0 0 -0 1 0 
2 4.5 7 10.5 0.2672612419124244 0.53452248382484879 0.80178372573727319 -0.44426104857413129 -0.67000008319089932 0.59475373831864331 0.85510440841527768 -0.51515590146081236 0.058402464835449031 4.9936970443081279
2 2.3571428571428572 2.7142857142857144 4.0714285714285721 0.2672612419124244 0.53452248382484879 0.80178372573727319 -0.85765433909534783 -0.247386589296889 0.45080917256304193 0.43931817991331834 -0.8081371107193176 0.39231868050843899 9.2977711016389257
2 6.4098360655737707 5.2622950819672125 8.6721311475409841 0.36214298417007412 0.45267873021259264 0.81482171438266671 0.55171779806600829 -0.80868225195976551 0.20406000750386605 0.75130548401671404 0.37565274200835702 -0.54260951623429343 6.5072469059566167
2 3.459016393442623 1.5737704918032787 2.0327868852459012 0.36214298417007412 0.45267873021259264 0.81482171438266671 0.93069721072283218 -0.22392714844459122 -0.28923923340759694 0.051528254085829034 0.86309825593763589 -0.50240047733683291 7.0280468569120131
1 10 0 0 0 0 1 
1 0 0 0 1 0 -0 
1 0 0 10 1 0 -0 
2 5.0983606557377046 3.6229508196721305 5.7213114754098351 0.36214298417007412 0.45267873021259264 0.81482171438266671 -0.67278360999587572 -0.47808738845366072 0.56461904247242301 0.64514701668481023 -0.75267151946561217 0.13141883673209107 7.578009600693095
2 2.1475409836065573 -0.065573770491803129 -0.91803278688524581 0.36214298417007412 0.45267873021259264 0.81482171438266671 -0.91914549174348315 0.02806551119827428 0.39291715677584022 0.1549968516584258 -0.89123189703594785 0.42624134206067071 2.3364538072563348
Polygon3D 0
PolygonOnTriangulations 0
Surfaces 14
7 1 0 0 0.2672612419124244 0.53452248382484879 0.80178372573727319 
1 0 0 0 0.78986257869272303 0.32400807314953239 0.5207070916694041 
7 1 0 0 0.2672612419124244 0.53452248382484879 0.80178372573727319 
1 7.8986257869272301 3.2400807314953237 5.2070709166940414 -0.5617130872093099 0.041414183338808239 0.82629490684389784 
7 1 0 0 0.2672612419124244 0.53452248382484879 0.80178372573727319 
1 0 0 0 -0.5617130872093099 0.041414183338808239 0.82629490684389784 
1 0 0 0 1 0 -0 0 0 1 0 -1 0 
1 0 0 0 -0 1 0 0 0 1 1 0 -0 
7 3 1 1 0.36214298417007412 0.45267873021259264 0.81482171438266671 
1 0 0 0 0 0 1 
1 0 0 10 0 0 1 1 0 -0 -0 1 0 
1 0 10 0 -0 1 0 0 0 1 1 0 -0 
7 1 0 0 0.2672612419124244 0.53452248382484879 0.80178372573727319 
1 -5.6171308720930995 0.41414183338808241 8.2629490684389779 0.78986257869272303 0.32400807314953239 0.5207070916694041 
1 0 0 0 0 0 1 1 0 -0 -0 1 0 
7 3 1 1 0.36214298417007412 0.45267873021259264 0.81482171438266671 
1 10 0 0 0 0 1 
7 3 1 1 0.36214298417007412 0.45267873021259264 0.81482171438266671 
1 0 0 10 1 0 -0 
7 3 1 1 0.36214298417007412 0.45267873021259264 0.81482171438266671 
1 0 0 0 1 0 -0 
1 10 0 0 1 0 -0 0 0 1 0 -1 0 
Triangulations 0

TShapes 54
Ve
0.01
0 0 10
0 0

0101101
*
Ed
 0.01 1 1 0
1  1 0 0 0.523598775598299
2  1 1 0 0 0.523598775598299
2  2 2 0 0 0.523598775598299
0

0101100
+54 4 -54 6 *
Ve
0.01
0 0 0
0 0

0101101
*
Ed
 0.01 1 1 0
1  2 0 0 0.523598775598299
2  3 1 0 0 0.523598775598299
2  4 3 0 0 0.523598775598299
0

0101100
+52 4 -52 6 *
Ed
 0.01 1 1 0
1  3 0 0 10
2  5 4 0 0 10
2  6 5 0 0 10
2  7 1 7 0 10
2  8 1 8 0 10
2  9 6 0 0 10
2  10 6 10 0 10
0

0101000
-54 0 +52 0 *
Wi

0101000
-53 0 +51 0 -50 4 +50 6 *
Fa
0  0.01 1 0

0101000
+49 0 *
Ve
0.01
0 10 10
0 0

0101101
*
Ed
 0.01 1 1 0
1  4 0 0 10
2  11 4 0 0 10
2  12 7 0 0 10
2  13 2 7 0 10
2  14 2 8 0 10
0

0101000
-47 0 +54 0 *
Ve
0.01
0 10 0
0 0

0101101
*
Ed
 0.01 1 1 0
1  5 0 0 10
2  15 4 0 0 10
2  16 8 0 0 10
2  17 9 7 0 10
2  18 9 8 0 10
0

0101000
-47 0 +45 0 *
Ed
 0.01 1 1 0
1  6 0 0 10
2  19 4 0 0 10
2  20 10 0 0 10
2  21 3 7 0 10
2  22 3 8 0 10
0

0101000
-45 0 +52 0 *
Wi

0101000
-50 0 -46 0 +44 0 +43 0 *
Fa
0  0.01 4 0

0111000
+42 0 *
Ed
 0.01 1 1 0
1  7 0 0 0.523598775598299
2  23 2 0 0 0.523598775598299
2  24 9 0 0 0.523598775598299
0

0101100
+47 4 -47 6 *
Ed
 0.01 1 1 0
1  8 0 0 0.523598775598299
2  25 9 0 0 0.523598775598299
2  26 3 0 0 0.523598775598299
0

0101100
+45 4 -45 6 *
Wi

0101000
-40 0 +39 0 -44 4 +44 6 *
Fa
0  0.01 9 0

0101000
+38 0 *
Wi

0101000
-39 0 +51 0 -43 4 +43 6 *
Fa
0  0.01 3 0

0101000
+36 0 *
Wi

0101000
-40 0 +53 0 -46 4 +46 6 *
Fa
0  0.01 2 0

0101000
+34 0 *
Sh

0101100
-48 0 +41 4 +37 0 +35 0 -33 0 -41 6 *
Ve
0.01
10 0 10
0 0

0101101
*
Ed
 0.01 1 1 0
1  9 0 0 0.698131700797732
2  27 11 0 0 0.698131700797732
2  28 12 0 0 0.698131700797732
0

0101100
+31 0 -31 9 *
Ve
0.01
10 0 0
0 0

0101101
*
Ed
 0.01 1 1 0
1  10 0 0 0.698131700797732
2  29 13 0 0 0.698131700797732
2  30 11 0 0 0.698131700797732
0

0101100
+29 0 -29 9 *
Ed
 0.01 1 1 0
1  11 0 0 10
2  31 14 0 0 10
2  32 5 0 0 10
2  33 11 0 0 10
2  34 11 10 0 10
0

0101000
-31 0 +29 0 *
Wi

0101000
-30 0 +28 0 -27 0 +27 9 *
Fa
0  0.01 11 0

0101000
+26 0 *
Ve
0.01
1.23521016990392 -0.853832231158933 0.925368941797664
0 0

0101101
*
Ed
 0.01 1 1 0
1  12 0 0 10
2  35 5 0 0 10
2  36 10 0 0 10
2  37 13 0 0 10
2  38 13 10 0 10
0

0101000
-29 0 +24 10 *
Ve
0.01
4.83533361904574 -2.31869163819211 10.1391248571975
0 0

0101101
*
Ed
 0.01 1 1 0
1  13 0 0 10
2  39 5 0 0 10
2  40 7 0 0 10
2  41 12 0 0 10
2  42 12 10 0 10
0

0101000
-31 0 +22 10 *
Ed
 0.01 1 1 0
1  3 0 0 10
2  5 4 0 0 10
2  6 5 0 0 10
2  7 1 7 0 10
2  8 1 8 0 10
2  9 6 0 0 10
2  10 6 10 0 10
2  43 5 13 0 10
0

0101000
+24 14 -22 14 *
Wi

0101000
-23 0 -27 0 +21 0 +20 12 *
Fa
0  0.01 5 0

0101000
+19 0 *
Ve
0.01
0.5 0.5 10.5
0 0

0101101
*
Ed
 0.01 1 1 0
1  14 0 0 0.698131700797732
2  44 12 0 0 0.698131700797732
2  45 6 0 0 0.698131700797732
2  46 12 15 0 0.698131700797732
0

0101000
+17 15 -22 15 *
Ve
0.01
0.5 0.5 0.5
0 0

0101101
*
Ed
 0.01 1 1 0
1  15 0 0 0.698131700797732
2  47 13 0 0 0.698131700797732
2  48 6 0 0 0.698131700797732
2  49 13 15 0 0.698131700797732
0

0101000
+15 15 -24 15 *
Ed
 0.01 1 1 0
1  3 0 0 10
2  5 4 0 0 10
2  6 5 0 0 10
2  7 1 7 0 10
2  8 1 8 0 10
2  9 6 0 0 10
2  10 6 10 0 10
2  50 5 15 0 10
0

0101000
+15 15 -17 15 *
Wi

0101000
-16 0 +14 0 -13 0 +20 9 *
Fa
0  0.01 6 0

0101000
+12 0 *
Ed
 0.01 1 1 0
1  13 0 0 10
2  39 5 0 0 10
2  40 7 0 0 10
2  41 12 0 0 10
2  42 12 10 0 10
0

0101000
-31 0 +17 0 *
Wi

0101000
-30 0 +16 11 -10 0 +21 9 *
Fa
0  0.01 12 0

0101000
+9 0 *
Ed
 0.01 1 1 0
1  12 0 0 10
2  35 5 0 0 10
2  36 10 0 0 10
2  37 13 0 0 10
2  38 13 10 0 10
0

0101000
-29 0 +15 0 *
Wi

0101000
-28 0 +14 11 -7 0 +23 9 *
Fa
0  0.01 13 0

0101000
+6 0 *
Wi

0101000
-7 0 -27 0 +10 0 +13 11 *
Fa
0  0.01 5 0

0101000
+4 0 *
Sh

0101100
+25 0 +18 9 -11 11 -8 0 +5 0 -3 0 *
Co

1100000
+32 0 +2 0 *

+1 0 
0

